1300000 	1300010 	1300011 	1300045 	1300046 	1300047 	1300048 	1300049 	1300100
1300101 	1300102 	1300103 	1300104 	1300105 	1300106 	1300107 	1300108 	1300109
1300110 	1300111 	1300112 	1300113 	1300114 	1300115 	1300116 	1300117 	1300118
1300119 	1300120 	1300121 	1300122 	1300123 	1300124 	1300125 	1300126 	1300127
1300128 	1300129 	1300190 	1300191 	1300192 	1300193 	1300194 	1300195 	1300196
1300197 	1300198 	1300199 	1301006 	1301007 	1301008 	1301009 	1301010 	1301011
1301012 	1301019 	1301100 	1301101 	1301102 	1301103 	1301104 	1301105 	1301106
1301107 	1301108 	1301109 	1301110 	1301111 	1301112 	1301113 	1301114 	1301115
1301116 	1301117 	1301118 	1301119 	1301120 	1301121 	1301122 	1301123 	1301124
1301125 	1301126 	1301127 	1301128 	1301129 	1301180 	1301181 	1301182 	1301183
1301184 	1301185 	1301186 	1301187 	1301188 	1301189 	1302000 	1302001 	1302002
1302003 	1302004 	1302005 	1302006 	1302007 	1302008 	1302009 	1302100 	1302101
1302102 	1302103 	1302104 	1302105 	1302106 	1302107 	1302108 	1302109 	1302110
1302111 	1302112 	1302113 	1302114 	1302115 	1302116 	1302117 	1302118 	1302119
1302120 	1302121 	1302122 	1302123 	1302124 	1302125 	1302126 	1302127 	1302128
1302129 	1302190 	1302191 	1302192 	1302193 	1302194 	1302195 	1302196 	1302197
1302198 	1302199 	1303100 	1303101 	1303102 	1303103 	1303104 	1303105 	1303106
1303107 	1303108 	1303109 	1303110 	1303111 	1303112 	1303113 	1303114 	1303115
1303116 	1303117 	1303118 	1303119 	1304100 	1304101 	1304102 	1304103 	1304104
1304105 	1304106 	1304107 	1304108 	1304109 	1304110 	1304111 	1304112 	1304113
1304114 	1304115 	1304116 	1304117 	1304118 	1304119 	1304120 	1304121 	1304122
1304123 	1304124 	1304125 	1304126 	1304127 	1304128 	1304129 	1305100 	1305101
1305102 	1305103 	1305104 	1305105 	1305106 	1305107 	1305108 	1305109 	1305110
1305111 	1305112 	1305113 	1305114 	1305115 	1305116 	1305117 	1305118 	1305119
1305120 	1305121 	1305122 	1305123 	1305124 	1305125 	1305126 	1305127 	1305128
1305129 	1305130 	1305131 	1305132 	1305133 	1305134 	1305135 	1305136 	1305137
1305138 	1305139 	1305140 	1305141 	1305142 	1305143 	1305144 	1305145 	1305146
1305147 	1305148 	1305149 	1305150 	1305151 	1305152 	1305153 	1305154 	1305155
1305156 	1305157 	1305158 	1305159 	1305160 	1305161 	1305162 	1305163 	1305164
1305165 	1305166 	1305167 	1305168 	1305169 	1305170 	1305171 	1305172 	1305173
1305174 	1305175 	1305176 	1305177 	1305178 	1305179 	1305180 	1305181 	1305182
1305183 	1305184 	1305185 	1305186 	1305187 	1305188 	1305189 	1305190 	1305191
1305192 	1305193 	1305194 	1305195 	1305196 	1305197 	1305198 	1305199 	1307010
1307011 	1307012 	1307013 	1307014 	1307015 	1307016 	1307017 	1307018 	1307019
1307110 	1307111 	1307112 	1307113 	1307114 	1307115 	1307116 	1307117 	1307118
1307119 	1309042
1312000 	1312001 	1312002 	1312003 	1312004 	1312005 	1312006 	1312007 	1312008
1312009 	1312010 	1312011 	1312012 	1312013 	1312014 	1312015 	1312016 	1312017
1312018 	1312019 	1312020 	1312021 	1312022 	1312023 	1312024 	1312025 	1312026
1312027 	1312028 	1312029 	1312030 	1312031 	1312032 	1312033 	1312034 	1312035
1312036 	1312037 	1312038 	1312039 	1312040 	1312041 	1312042 	1312043 	1312044
1312045 	1312046 	1312047 	1312048 	1312049 	1312100 	1312101 	1312102 	1312103
1312104 	1312105 	1312106 	1312107 	1312108 	1312109 	1312110 	1312111 	1312112
1312113 	1312114 	1312115 	1312116 	1312117 	1312118 	1312119 	1312120 	1312121
1312122 	1312123 	1312124 	1312125 	1312126 	1312127 	1312128 	1312129 	1312130
1312131 	1312132 	1312133 	1312134 	1312135 	1312136 	1312137 	1312138 	1312139
1312140 	1312141 	1312142 	1312143 	1312145 	1312146 	1312147 	1312148 	1312149
1312150 	1312151 	1312152 	1312153 	1312154 	1312155 	1312156 	1312157 	1312158
1312159 	1312160 	1312161 	1312162 	1312163 	1312164 	1312165 	1312166 	1312167
1312168 	1312169 	1312170 	1312171 	1312172 	1312173 	1312175 	1312176 	1312177
1312178 	1312179 	1312180 	1312181 	1312182 	1312183 	1312184 	1312185 	1312186
1312187 	1312188 	1312189 	1312190 	1312191 	1312192 	1312193 	1312194 	1312195
1312196 	1312197 	1312198 	1312199 	1312470 	1312471 	1312472 	1312473 	1312474
1312475 	1312476 	1312477 	1312478 	1312479 	1312650 	1312651 	1312652 	1312653
1312655 	1312656 	1312657 	1312658 	1312659 	1312660 	1312661 	1312662 	1312663
1312664 	1312665 	1312666 	1312667 	1312668 	1312669 	1312670 	1312671 	1312672
1312673 	1312675 	1312676 	1312677 	1312678 	1312679 	1312680 	1312681 	1312682
1312683 	1312685 	1312686 	1312687 	1312688 	1312689 	1312690 	1312691 	1312692
1312693 	1312695 	1312696 	1312697 	1312698 	1312699 	1314100 	1314101 	1314102
1314103 	1314104 	1314105 	1314106 	1314107 	1314108 	1314109 	1314110 	1314111
1314112 	1314113 	1314114 	1314115 	1314116 	1314117 	1314118 	1314119 	1314120
1314121 	1314122 	1314123 	1314124 	1314125 	1314126 	1314127 	1314128 	1314129
1314130 	1314131 	1314132 	1314133 	1314134 	1314135 	1314136 	1314137 	1314138
1314139 	1314140 	1314141 	1314142 	1314143 	1314144 	1314145 	1314146 	1314147
1314148 	1314149 	1314600 	1314601 	1314602 	1314603 	1314604 	1314605 	1314606
1314607 	1314608 	1314609 	1314610 	1314611 	1314612 	1314613 	1314614 	1314615
1314616 	1314617 	1314618 	1314619 	1314620 	1314621 	1314622 	1314623 	1314624
1314625 	1314626 	1314627 	1314628 	1314629 	1314630 	1314631 	1314632 	1314633
1314634 	1314635 	1314636 	1314637 	1314638 	1314639 	1314640 	1314641 	1314642
1314643 	1314644 	1314645 	1314646 	1314647 	1314648 	1314649 	1314650 	1314651
1314652 	1314653 	1314654 	1314655 	1314656 	1314657 	1314658 	1314659 	1314660
1314661 	1314662 	1314663 	1314664 	1314665 	1314666 	1314667 	1314668 	1314669
1314670 	1314671 	1314672 	1314673 	1314674 	1314675 	1314676 	1314677 	1314678
1314679 	1314680 	1314681 	1314682 	1314683 	1314684 	1314685 	1314686 	1314687
1314688 	1314689 	1314690 	1314691 	1314692 	1314693 	1314694 	1314695 	1314696
1314697 	1314698 	1314699 	1316100 	1316101 	1316102 	1316103 	1316104 	1316105
1316106 	1316107 	1316108 	1316109 	1316110 	1316111 	1316112 	1316113 	1316114
1316115 	1316116 	1316117 	1316118 	1316119 	1316120 	1316121 	1316122 	1316123
1316124 	1316125 	1316126 	1316127 	1316128 	1316129 	1316130 	1316131 	1316132
1316133 	1316134 	1316135 	1316136 	1316137 	1316138 	1316139 	1316140 	1316141
1316142 	1316143 	1316144 	1316145 	1316146 	1316147 	1316148 	1316149 	1316150
1316151 	1316152 	1316153 	1316154 	1316155 	1316156 	1316157 	1316158 	1316159
1316160 	1316161 	1316162 	1316163 	1316164 	1316165 	1316166 	1316167 	1316168
1316169 	1316170 	1316171 	1316172 	1316173 	1316174 	1316175 	1316176 	1316177
1316178 	1316179 	1316180 	1316181 	1316182 	1316183 	1316184 	1316185 	1316186
1316187 	1316188 	1316189 	1316190 	1316191 	1316192 	1316193 	1316194 	1316195
1316196 	1316197 	1316198 	1316199 	1316420 	1316421 	1316422 	1316423 	1316424
1316425 	1316426 	1316427 	1316428 	1316429 	1316730 	1316731 	1316732 	1316733
1316734 	1316735 	1316736 	1316737 	1316738 	1316739 	1316750 	1316751 	1316752
1316753 	1316754 	1316755 	1316756 	1316757 	1316758 	1316759
1322010 	1322011 	1322012 	1322013 	1322014 	1322015 	1322016 	1322017 	1322018
1322019 	1324000 	1324001 	1324002 	1324003 	1324004 	1324005 	1324006 	1324007
1324008 	1324009 	1324010 	1324011 	1324012 	1324013 	1324014 	1324015 	1324016
1324017 	1324018 	1324019 	1324020 	1324021 	1324022 	1324023 	1324024 	1324025
1324026 	1324027 	1324028 	1324029 	1324030 	1324031 	1324032 	1324033 	1324034
1324035 	1324036 	1324037 	1324038 	1324039 	1324040 	1324041 	1324042 	1324043
1324044 	1324045 	1324046 	1324047 	1324048 	1324049 	1324070 	1324071 	1324072
1324073 	1324074 	1324075 	1324076 	1324077 	1324078 	1324079 	1324080 	1324081
1324082 	1324089 	1324090 	1324091 	1324092 	1324093 	1324094 	1324095 	1324096
1324097 	1324098 	1324099 	1324100 	1324101 	1324102 	1324103 	1324104 	1324105
1324106 	1324107 	1324108 	1324109 	1324110 	1324111 	1324112 	1324113 	1324114
1324115 	1324116 	1324117 	1324118 	1324119 	1324120 	1324121 	1324122 	1324123
1324124 	1324125 	1324126 	1324127 	1324128 	1324129 	1324130 	1324131 	1324132
1324133 	1324134 	1324135 	1324136 	1324137 	1324138 	1324139 	1324140 	1324141
1324142 	1324143 	1324144 	1324145 	1324146 	1324147 	1324148 	1324149 	1324150
1324151 	1324152 	1324153 	1324154 	1324155 	1324156 	1324157 	1324158 	1324159
1324160 	1324161 	1324162 	1324163 	1324164 	1324165 	1324166 	1324167 	1324168
1324169 	1324170 	1324171 	1324172 	1324173 	1324174 	1324175 	1324176 	1324177
1324178 	1324179 	1324180 	1324181 	1324182 	1324183 	1324184 	1324185 	1324186
1324187 	1324188 	1324189 	1324190 	1324191 	1324192 	1324193 	1324194 	1324195
1324196 	1324197 	1324198 	1324199 	1326000 	1326001 	1326002 	1326003 	1326005
1326006 	1326007 	1326008 	1326009 	1326010 	1326011 	1326012 	1326013 	1326015
1326016 	1326017 	1326018 	1326019 	1326020 	1326021 	1326022 	1326023 	1326025
1326026 	1326027 	1326028 	1326029 	1326030 	1326031 	1326032 	1326033 	1326035
1326036 	1326037 	1326038 	1326039 	1326040 	1326041 	1326042 	1326043 	1326044
1326045 	1326046 	1326047 	1326048 	1326049 	1326100 	1326101 	1326102 	1326103
1326104 	1326105 	1326106 	1326107 	1326108 	1326109 	1326110 	1326111 	1326112
1326113 	1326114 	1326115 	1326116 	1326117 	1326118 	1326119 	1326120 	1326121
1326122 	1326123 	1326124 	1326125 	1326126 	1326127 	1326128 	1326129 	1326130
1326131 	1326132 	1326133 	1326134 	1326135 	1326136 	1326137 	1326138 	1326139
1326140 	1326141 	1326142 	1326143 	1326144 	1326145 	1326146 	1326147 	1326148
1326149 	1326150 	1326151 	1326152 	1326153 	1326154 	1326155 	1326156 	1326157
1326158 	1326159 	1326160 	1326161 	1326162 	1326163 	1326164 	1326165 	1326166
1326167 	1326168 	1326169 	1326170 	1326171 	1326172 	1326173 	1326174 	1326175
1326176 	1326177 	1326178 	1326179 	1326180 	1326181 	1326182 	1326183 	1326184
1326185 	1326186 	1326187 	1326188 	1326189 	1326190 	1326191 	1326192 	1326193
1326194 	1326195 	1326196 	1326197 	1326198 	1326199 	1326310 	1326311 	1326312
1326313 	1326314 	1326315 	1326316 	1326317 	1326318 	1326319 	1326320 	1326321
1326322 	1326323 	1326325 	1326326 	1326327 	1326328 	1326329 	1326330 	1326331
1326332 	1326333 	1326335 	1326336 	1326337 	1326338 	1326339 	1326340 	1326341
1326342 	1326343 	1326344 	1326345 	1326346 	1326347 	1326348 	1326349 	1326400
1326401 	1326402 	1326403 	1326404 	1326405 	1326406 	1326407 	1326408 	1326409
1326410 	1326411 	1326412 	1326413 	1326414 	1326415 	1326416 	1326417 	1326418
1326419 	1326420 	1326421 	1326422 	1326423 	1326424 	1326425 	1326426 	1326427
1326428 	1326429 	1326430 	1326431 	1326432 	1326433 	1326434 	1326435 	1326436
1326437 	1326438 	1326439 	1326440 	1326441 	1326442 	1326443 	1326444 	1326445
1326446 	1326447 	1326448 	1326449 	1326450 	1326451 	1326452 	1326453 	1326455
1326456 	1326457 	1326458 	1326459 	1326900 	1326901 	1326902 	1326903 	1326904
1326905 	1326906 	1326907 	1326908 	1326909 	1326910 	1326911 	1326912 	1326913
1326915 	1326916 	1326917 	1326918 	1326919 	1326920 	1326921 	1326922 	1326923
1326925 	1326926 	1326927 	1326928 	1326929 	1326930 	1326931 	1326932 	1326933
1326935 	1326936 	1326937 	1326938 	1326939 	1326940 	1326941 	1326942 	1326943
1326944 	1326945 	1326946 	1326947 	1326948 	1326949 	1326950 	1326951 	1326952
1326953 	1326955 	1326956 	1326957 	1326958 	1326959 	1326960 	1326961 	1326962
1326963 	1326964 	1326965 	1326966 	1326967 	1326968 	1326969 	1326970 	1326971
1326972 	1326973 	1326974 	1326975 	1326976 	1326977 	1326978 	1326979 	1326980
1326981 	1326982 	1326983 	1326985 	1326986 	1326987 	1326988 	1326989 	1326990
1326991 	1326992 	1326993 	1326995 	1326996 	1326997 	1326998 	1326999
1330010 	1330011 	1330100 	1330101 	1330102 	1330103 	1330104 	1330105 	1330106
1330107 	1330108 	1330109 	1330110 	1330111 	1330112 	1330113 	1330114 	1330115
1330116 	1330117 	1330118 	1330119 	1330120 	1330121 	1330122 	1330123 	1330124
1330125 	1330126 	1330127 	1330128 	1330129 	1330130 	1330131 	1330132 	1330133
1330134 	1330135 	1330136 	1330137 	1330138 	1330139 	1331100 	1331101 	1331102
1331103 	1331104 	1331105 	1331106 	1331107 	1331108 	1331109 	1331110 	1331111
1331112 	1331113 	1331114 	1331115 	1331116 	1331117 	1331118 	1331119 	1331120
1331121 	1331122 	1331123 	1331124 	1331125 	1331126 	1331127 	1331128 	1331129
1331130 	1331131 	1331132 	1331133 	1331134 	1331135 	1331136 	1331137 	1331138
1331139 	1331140 	1331141 	1331142 	1331143 	1331144 	1331145 	1331146 	1331147
1331148 	1331149 	1331150 	1331151 	1331152 	1331153 	1331154 	1331155 	1331156
1331157 	1331158 	1331159 	1332100 	1332101 	1332102 	1332103 	1332104 	1332105
1332106 	1332107 	1332108 	1332109 	1332110 	1332111 	1332112 	1332113 	1332114
1332115 	1332116 	1332117 	1332118 	1332119 	1333100 	1333101 	1333102 	1333103
1333104 	1333105 	1333106 	1333107 	1333108 	1333109 	1333110 	1333111 	1333112
1333113 	1333114 	1333115 	1333116 	1333117 	1333118 	1333119 	1334100 	1334101
1334102 	1334103 	1334104 	1334105 	1334106 	1334107 	1334108 	1334109 	1334110
1334111 	1334112 	1334113 	1334114 	1334115 	1334116 	1334117 	1334118 	1334119
1334410 	1334411 	1334444 	1335740 	1335741 	1335742 	1335743 	1335744 	1335745
1335746 	1335747 	1335748 	1335749 	1336600 	1336601 	1336602 	1336603 	1336604
1336605 	1336606 	1336607 	1336608 	1336609 	1336610 	1336611 	1336612 	1336613
1336614 	1336615 	1336616 	1336617 	1336618 	1336619 	1336620 	1336621 	1336622
1336623 	1336624 	1336625 	1336626 	1336627 	1336628 	1336629 	1336630 	1336631
1336632 	1336633 	1336634 	1336635 	1336636 	1336637 	1336638 	1336639 	1336640
1336641 	1336642 	1336643 	1336644 	1336645 	1336646 	1336647 	1336648 	1336649
1336650 	1336651 	1336652 	1336653 	1336654 	1336655 	1336656 	1336657 	1336658
1336659 	1336660 	1336661 	1336662 	1336663 	1336664 	1336665 	1336666 	1336667
1336668 	1336669 	1336670 	1336671 	1336672 	1336673 	1336674 	1336675 	1336676
1336677 	1336678 	1336679 	1336680 	1336681 	1336682 	1336683 	1336684 	1336685
1336686 	1336687 	1336688 	1336689 	1336690 	1336691 	1336692 	1336693 	1336694
1336695 	1336696 	1336697 	1336698 	1336699 	1337010 	1337011 	1337012 	1337013
1337014 	1337015 	1337016 	1337017 	1337018 	1337019 	1337160 	1337161 	1337162
1337163 	1337164 	1337165 	1337166 	1337167 	1337168 	1337169 	1337170 	1337171
1337172 	1337173 	1337174 	1337175 	1337176 	1337177 	1337178 	1337179 	1338100
1338101 	1338102 	1338103 	1338104 	1338105 	1338106 	1338107 	1338108 	1338109
1338110 	1338111 	1338112 	1338113 	1338114 	1338115 	1338116 	1338117 	1338118
1338119 	1338120 	1338121 	1338122 	1338123 	1338124 	1338125 	1338126 	1338127
1338128 	1338129 	1338130 	1338131 	1338132 	1338133 	1338134 	1338135 	1338136
1338137 	1338138 	1338139 	1338140 	1338141 	1338142 	1338143 	1338144 	1338145
1338146 	1338147 	1338148 	1338149 	1339150 	1339151 	1339152 	1339153 	1339154
1339155 	1339156 	1339157 	1339158 	1339159 	1339160 	1339161 	1339162 	1339163
1339164 	1339165 	1339166 	1339167 	1339168 	1339169 	1339170 	1339171 	1339172
1339173 	1339174 	1339175 	1339176 	1339177 	1339178 	1339179 	1339180 	1339181
1339182 	1339183 	1339184 	1339185 	1339186 	1339187 	1339188 	1339189 	1339190
1339191 	1339192 	1339193 	1339194 	1339195 	1339196 	1339197 	1339198 	1339199
1340100 	1340101 	1340102 	1340103 	1340104 	1340105 	1340106 	1340107 	1340108
1340109 	1340110 	1340111 	1340112 	1340113 	1340114 	1340115 	1340116 	1340117
1340118 	1340119 	1342600 	1342601 	1342602 	1342603 	1342604 	1342605 	1342606
1342607 	1342608 	1342609 	1342610 	1342611 	1342612 	1342613 	1342614 	1342615
1342616 	1342617 	1342618 	1342619 	1342620 	1342621 	1342622 	1342623 	1342624
1342625 	1342626 	1342627 	1342628 	1342629 	1342630 	1342631 	1342632 	1342633
1342634 	1342635 	1342636 	1342637 	1342638 	1342639 	1342640 	1342641 	1342642
1342643 	1342644 	1342645 	1342646 	1342647 	1342648 	1342649 	1343630 	1343631
1343632 	1343633 	1343634 	1343635 	1343636 	1343637 	1343638 	1343639 	1343640
1343641 	1343642 	1343643 	1343644 	1343645 	1343646 	1343647 	1343648 	1343649
1343650 	1343651 	1343652 	1343653 	1343654 	1343655 	1343656 	1343657 	1343658
1343659 	1343660 	1343661 	1343662 	1343663 	1343664 	1343665 	1343666 	1343667
1343668 	1343669 	1343670 	1343671 	1343672 	1343673 	1343674 	1343675 	1343676
1343677 	1343678 	1343679 	1343680 	1343681 	1343682 	1343683 	1343684 	1343685
1343686 	1343687 	1343688 	1343689 	1343690 	1343691 	1343692 	1343693 	1343694
1343695 	1343696 	1343697 	1343698 	1343699 	1343900 	1343901 	1343902 	1343903
1343904 	1343905 	1343906 	1343907 	1343908 	1343909 	1343910 	1343911 	1343912
1343913 	1343914 	1343915 	1343916 	1343917 	1343918 	1343919 	1343920 	1343921
1343922 	1343923 	1343924 	1343925 	1343926 	1343927 	1343928 	1343929 	1343930
1343931 	1343932 	1343933 	1343934 	1343935 	1343936 	1343937 	1343938 	1343939
1343940 	1343941 	1343942 	1343943 	1343944 	1343945 	1343946 	1343947 	1343948
1343949 	1343950 	1343951 	1343952 	1343953 	1343954 	1343955 	1343956 	1343957
1343958 	1343959 	1343960 	1343961 	1343962 	1343963 	1343964 	1343965 	1343966
1343967 	1343968 	1343969 	1343970 	1343971 	1343972 	1343973 	1343974 	1343975
1343976 	1343977 	1343978 	1343979 	1343980 	1343981 	1343982 	1343983 	1343984
1343985 	1343986 	1343987 	1343988 	1343989 	1343990 	1343991 	1343992 	1343993
1343994 	1343995 	1343996 	1343997 	1343998 	1343999 	1344444 	1346630 	1346631
1346632 	1346633 	1346634 	1346635 	1346636 	1346637 	1346638 	1346639 	1346640
1346641 	1346642 	1346643 	1346644 	1346645 	1346646 	1346647 	1346648 	1346649
1346650 	1346651 	1346652 	1346653 	1346654 	1346655 	1346656 	1346657 	1346658
1346659 	1346660 	1346661 	1346662 	1346663 	1346664 	1346665 	1346666 	1346667
1346668 	1346669 	1346670 	1346671 	1346672 	1346673 	1346674 	1346675 	1346676
1346677 	1346678 	1346679 	1348860 	1348861 	1348862 	1348863 	1348864 	1348865
1348866 	1348867 	1348868 	1348869 	1348870 	1348871 	1348872 	1348873 	1348874
1348875 	1348876 	1348877 	1348878 	1348879 	1348880 	1348881 	1348882 	1348883
1348884 	1348885 	1348886 	1348887 	1348888 	1348889 	1349290 	1349291 	1349292
1349293 	1349294 	1349295 	1349296 	1349297 	1349298 	1349299 	1349320 	1349321
1349322 	1349323 	1349324 	1349325 	1349326 	1349327 	1349328 	1349329 	1349380
1349381 	1349382 	1349383 	1349384 	1349385 	1349386 	1349387 	1349388 	1349389
1349740 	1349741 	1349742 	1349743 	1349744 	1349745 	1349746 	1349747 	1349748
1349749 	1349940 	1349941 	1349942 	1349943 	1349944 	1349945 	1349946 	1349947
1349948 	1349949 	1349970 	1349971 	1349972 	1349973 	1349974 	1349975 	1349976
1349977 	1349978 	1349979
1350100 	1350101 	1350102 	1350103 	1350104 	1350105 	1350106 	1350107 	1350108
1350109 	1350110 	1350111 	1350112 	1350113 	1350114 	1350115 	1350116 	1350117
1350118 	1350119 	1350120 	1350121 	1350122 	1350123 	1350124 	1350125 	1350126
1350127 	1350128 	1350129 	1350130 	1350131 	1350132 	1350133 	1350134 	1350135
1350136 	1350137 	1350138 	1350139 	1351100 	1351101 	1351102 	1351103 	1351104
1351105 	1351106 	1351107 	1351108 	1351109 	1352000 	1352001 	1352002 	1352003
1352004 	1352005 	1352006 	1352007 	1352008 	1352009 	1352010 	1352011 	1352012
1352013 	1352014 	1352015 	1352016 	1352017 	1352018 	1352019 	1352020 	1352021
1352022 	1352023 	1352024 	1352025 	1352026 	1352027 	1352028 	1352029 	1352030
1352031 	1352032 	1352033 	1352034 	1352035 	1352036 	1352037 	1352038 	1352039
1352040 	1352041 	1352042 	1352043 	1352044 	1352045 	1352046 	1352047 	1352048
1352049 	1352050 	1352051 	1352052 	1352053 	1352054 	1352055 	1352056 	1352057
1352058 	1352059 	1352060 	1352061 	1352062 	1352063 	1352064 	1352065 	1352066
1352067 	1352068 	1352069 	1352070 	1352071 	1352072 	1352073 	1352074 	1352075
1352076 	1352077 	1352078 	1352079 	1352080 	1352081 	1352082 	1352083 	1352084
1352085 	1352086 	1352087 	1352088 	1352089 	1352090 	1352091 	1352092 	1352093
1352094 	1352095 	1352096 	1352097 	1352098 	1352099 	1352100 	1352101 	1352102
1352103 	1352104 	1352105 	1352106 	1352107 	1352108 	1352109 	1352110 	1352111
1352112 	1352113 	1352114 	1352115 	1352116 	1352117 	1352118 	1352119 	1352120
1352121 	1352122 	1352123 	1352124 	1352125 	1352126 	1352127 	1352128 	1352129
1352130 	1352131 	1352132 	1352133 	1352134 	1352135 	1352136 	1352137 	1352138
1352139 	1352140 	1352141 	1352142 	1352143 	1352144 	1352145 	1352146 	1352147
1352148 	1352149 	1352150 	1352151 	1352152 	1352153 	1352154 	1352155 	1352156
1352157 	1352158 	1352159 	1352160 	1352161 	1352162 	1352163 	1352164 	1352165
1352166 	1352167 	1352168 	1352169 	1352170 	1352171 	1352172 	1352173 	1352174
1352175 	1352176 	1352177 	1352178 	1352179 	1352180 	1352181 	1352182 	1352183
1352184 	1352185 	1352186 	1352187 	1352188 	1352189 	1352190 	1352191 	1352192
1352193 	1352194 	1352195 	1352196 	1352197 	1352198 	1352199 	1352200 	1352201
1352202 	1352203 	1352204 	1352205 	1352206 	1352207 	1352208 	1352209 	1352210
1352211 	1352212 	1352213 	1352214 	1352215 	1352216 	1352217 	1352218 	1352219
1352220 	1352221 	1352222 	1352223 	1352224 	1352225 	1352226 	1352227 	1352228
1352229 	1352230 	1352231 	1352232 	1352233 	1352234 	1352235 	1352236 	1352237
1352238 	1352239 	1352240 	1352241 	1352242 	1352243 	1352244 	1352245 	1352246
1352247 	1352248 	1352249 	1352250 	1352251 	1352252 	1352253 	1352254 	1352255
1352256 	1352257 	1352258 	1352259 	1352260 	1352261 	1352262 	1352263 	1352264
1352265 	1352266 	1352267 	1352268 	1352269 	1352270 	1352271 	1352272 	1352273
1352274 	1352275 	1352276 	1352277 	1352278 	1352279 	1352280 	1352281 	1352282
1352283 	1352284 	1352285 	1352286 	1352287 	1352288 	1352289 	1352290 	1352291
1352292 	1352293 	1352294 	1352295 	1352296 	1352297 	1352298 	1352299 	1355200
1355201 	1355202 	1355203 	1355204 	1355205 	1355206 	1355207 	1355208 	1355209
1355210 	1355211 	1355212 	1355213 	1355214 	1355215 	1355216 	1355217 	1355218
1355219 	1355220 	1355221 	1355222 	1355223 	1355224 	1355225 	1355226 	1355227
1355228 	1355229 	1355230 	1355231 	1355232 	1355233 	1355234 	1355235 	1355236
1355237 	1355238 	1355239 	1355240 	1355241 	1355242 	1355243 	1355244 	1355245
1355246 	1355247 	1355248 	1355249 	1355250 	1355251 	1355252 	1355253 	1355254
1355255 	1355256 	1355257 	1355258 	1355259 	1355260 	1355261 	1355262 	1355263
1355264 	1355265 	1355266 	1355267 	1355268 	1355269 	1355270 	1355271 	1355272
1355273 	1355274 	1355275 	1355276 	1355277 	1355278 	1355279 	1355280 	1355281
1355282 	1355283 	1355284 	1355285 	1355286 	1355287 	1355288 	1355289 	1355290
1355291 	1355292 	1355293 	1355294 	1355295 	1355296 	1355297 	1355298 	1355299
1358150 	1358151 	1358152 	1358153 	1358154 	1358155 	1358156 	1358157 	1358158
1358159 	1358160 	1358161 	1358162 	1358163 	1358164 	1358165 	1358166 	1358167
1358168 	1358169 	1358170 	1358171 	1358172 	1358173 	1358174 	1358175 	1358176
1358177 	1358178 	1358179 	1358180 	1358181 	1358182 	1358183 	1358184 	1358185
1358186 	1358187 	1358188 	1358189 	1358190 	1358191 	1358192 	1358193 	1358194
1358195 	1358196 	1358197 	1358198 	1358199
1360100 	1360101 	1360102 	1360103 	1360104 	1360105 	1360106 	1360107 	1360108
1360109 	1360110 	1360111 	1360112 	1360113 	1360114 	1360115 	1360116 	1360117
1360118 	1360119 	1360120 	1360121 	1360122 	1360123 	1360124 	1360125 	1360126
1360127 	1360128 	1360129 	1360130 	1360131 	1360132 	1360133 	1360134 	1360135
1360136 	1360137 	1360138 	1360139 	1361100 	1361101 	1361102 	1361103 	1361104
1361105 	1361106 	1361107 	1361108 	1361109 	1361110 	1361111 	1361112 	1361113
1361114 	1361115 	1361116 	1361117 	1361118 	1361119 	1361120 	1361121 	1361122
1361123 	1361124 	1361125 	1361126 	1361127 	1361128 	1361129 	1361130 	1361131
1361132 	1361133 	1361134 	1361135 	1361136 	1361137 	1361138 	1361139 	1362100
1362101 	1362102 	1362103 	1362104 	1362105 	1362106 	1362107 	1362108 	1362109
1362110 	1362111 	1362112 	1362113 	1362114 	1362115 	1362116 	1362117 	1362118
1362119 	1362120 	1362121 	1362122 	1362123 	1362124 	1362125 	1362126 	1362127
1362128 	1362129 	1362130 	1362131 	1362132 	1362133 	1362134 	1362135 	1362136
1362137 	1362138 	1362139 	1364100 	1364101 	1364102 	1364103 	1364104 	1364105
1364106 	1364107 	1364108 	1364109 	1364110 	1364111 	1364112 	1364113 	1364114
1364115 	1364116 	1364117 	1364118 	1364119 	1364120 	1364121 	1364122 	1364123
1364124 	1364125 	1364126 	1364127 	1364128 	1364129 	1364130 	1364131 	1364132
1364133 	1364134 	1364135 	1364136 	1364137 	1364138 	1364139 	1365100 	1365101
1365102 	1365103 	1365104 	1365105 	1365106 	1365107 	1365108 	1365109 	1365110
1365111 	1365112 	1365113 	1365114 	1365115 	1365116 	1365117 	1365118 	1365119
1365120 	1365121 	1365122 	1365123 	1365124 	1365125 	1365126 	1365127 	1365128
1365129 	1365130 	1365131 	1365132 	1365133 	1365134 	1365135 	1365136 	1365137
1365138 	1365139 	1366100 	1366101 	1366102 	1366103 	1366104 	1366105 	1366106
1366107 	1366108 	1366109 	1366110 	1366111 	1366112 	1366113 	1366114 	1366115
1366116 	1366117 	1366118 	1366119 	1366120 	1366121 	1366122 	1366123 	1366124
1366125 	1366126 	1366127 	1366128 	1366129 	1366130 	1366131 	1366132 	1366133
1366134 	1366135 	1366136 	1366137 	1366138 	1366139 	1367100 	1367101 	1367102
1367103 	1367104 	1367105 	1367106 	1367107 	1367108 	1367109 	1367110 	1367111
1367112 	1367113 	1367114 	1367115 	1367116 	1367117 	1367118 	1367119 	1367120
1367121 	1367122 	1367123 	1367124 	1367125 	1367126 	1367127 	1367128 	1367129
1367130 	1367131 	1367132 	1367133 	1367134 	1367135 	1367136 	1367137 	1367138
1367139 	1368100 	1368101 	1368102 	1368103 	1368104 	1368105 	1368106 	1368107
1368108 	1368109 	1368110 	1368111 	1368112 	1368113 	1368114 	1368115 	1368116
1368117 	1368118 	1368119 	1368120 	1368121 	1368122 	1368123 	1368124 	1368125
1368126 	1368127 	1368128 	1368129 	1368130 	1368131 	1368132 	1368133 	1368134
1368135 	1368136 	1368137 	1368138 	1368139 	1368140 	1368141 	1368142 	1368143
1368144 	1368145 	1368146 	1368147 	1368148 	1368149 	1368150 	1368151 	1368152
1368153 	1368154 	1368155 	1368156 	1368157 	1368158 	1368159 	1368300 	1368301
1368302 	1368303 	1368304 	1368305 	1368306 	1368307 	1368308 	1368309 	1368310
1368311 	1368312 	1368313 	1368314 	1368315 	1368316 	1368317 	1368318 	1368319
1368320 	1368321 	1368322 	1368323 	1368324 	1368325 	1368326 	1368327 	1368328
1368329 	1368330 	1368331 	1368332 	1368333 	1368334 	1368335 	1368336 	1368337
1368338 	1368339 	1368350 	1368351 	1368352 	1368353 	1368354 	1368355 	1368356
1368357 	1368358 	1368359 	1368360 	1368361 	1368362 	1368363 	1368364 	1368365
1368366 	1368367 	1368368 	1368369 	1369100 	1369101 	1369102 	1369103 	1369104
1369105 	1369106 	1369107 	1369108 	1369109 	1369110 	1369111 	1369112 	1369113
1369114 	1369115 	1369116 	1369117 	1369118 	1369119 	1369120 	1369121 	1369122
1369123 	1369124 	1369125 	1369126 	1369127 	1369128 	1369129 	1369130 	1369131
1369132 	1369133 	1369134 	1369135 	1369136 	1369137 	1369138 	1369139 	1369140
1369141 	1369142 	1369143 	1369144 	1369145 	1369146 	1369147 	1369148 	1369149
1369150 	1369151 	1369152 	1369153 	1369154 	1369155 	1369156 	1369157 	1369158
1369159 	1369300 	1369301 	1369302 	1369303 	1369304 	1369305 	1369306 	1369307
1369308 	1369309 	1369310 	1369311 	1369312 	1369313 	1369314 	1369315 	1369316
1369317 	1369318 	1369319 	1369320 	1369321 	1369322 	1369323 	1369324 	1369325
1369326 	1369327 	1369328 	1369329 	1369330 	1369331 	1369332 	1369333 	1369334
1369335 	1369336 	1369337 	1369338 	1369339 	1369350 	1369351 	1369352 	1369353
1369354 	1369355 	1369356 	1369357 	1369358 	1369359 	1369360 	1369361 	1369362
1369363 	1369364 	1369365 	1369366 	1369367 	1369368 	1369369 	1369910 	1369911
1369912 	1369913 	1369914 	1369915 	1369916 	1369917 	1369918 	1369919 	1369920
1369921 	1369922 	1369923 	1369924 	1369925 	1369926 	1369927 	1369928 	1369929
1370100 	1370101 	1370102 	1370103 	1370104 	1370105 	1370106 	1370107 	1370108
1370109 	1370110 	1370111 	1370112 	1370113 	1370114 	1370115 	1370116 	1370117
1370118 	1370119 	1370120 	1370121 	1370122 	1370123 	1370124 	1370125 	1370126
1370127 	1370128 	1370129 	1370130 	1370131 	1370132 	1370133 	1370134 	1370135
1370136 	1370137 	1370138 	1370139 	1371600 	1371601 	1371602 	1371603 	1371604
1371605 	1371606 	1371607 	1371608 	1371609 	1371610 	1371611 	1371612 	1371613
1371614 	1371615 	1371616 	1371617 	1371618 	1371619 	1371620 	1371621 	1371622
1371623 	1371624 	1371625 	1371626 	1371627 	1371628 	1371629 	1371630 	1371631
1371632 	1371633 	1371634 	1371635 	1371636 	1371637 	1371638 	1371639 	1371640
1371641 	1371642 	1371643 	1371644 	1371645 	1371646 	1371647 	1371648 	1371649
1371650 	1371651 	1371652 	1371653 	1371654 	1371655 	1371656 	1371657 	1371658
1371659 	1371660 	1371661 	1371662 	1371663 	1371664 	1371665 	1371666 	1371667
1371668 	1371669 	1371670 	1371671 	1371672 	1371673 	1371674 	1371675 	1371676
1371677 	1371678 	1371679 	1371680 	1371681 	1371682 	1371683 	1371684 	1371685
1371686 	1371687 	1371688 	1371689 	1371690 	1371691 	1371692 	1371693 	1371694
1371695 	1371696 	1371697 	1371698 	1371699 	1371750 	1371751 	1371752 	1371753
1371754 	1371755 	1371756 	1371757 	1371758 	1371759 	1371760 	1371761 	1371762
1371763 	1371764 	1371765 	1371766 	1371767 	1371768 	1371769 	1371770 	1371771
1371772 	1371773 	1371774 	1371775 	1371776 	1371777 	1371778 	1371779 	1371780
1371781 	1371782 	1371783 	1371784 	1371785 	1371786 	1371787 	1371788 	1371789
1371790 	1371791 	1371792 	1371793 	1371794 	1371795 	1371796 	1371797 	1371798
1371799 	1371800 	1371801 	1371802 	1371803 	1371804 	1371805 	1371806 	1371807
1371808 	1371809 	1371810 	1371811 	1371812 	1371813 	1371814 	1371815 	1371816
1371817 	1371818 	1371819 	1371820 	1371821 	1371822 	1371823 	1371824 	1371825
1371826 	1371827 	1371828 	1371829 	1371830 	1371831 	1371832 	1371833 	1371834
1371835 	1371836 	1371837 	1371838 	1371839 	1371840 	1371841 	1371842 	1371843
1371844 	1371845 	1371846 	1371847 	1371848 	1371849 	1371850 	1371851 	1371852
1371853 	1371854 	1371855 	1371856 	1371857 	1371858 	1371859 	1371860 	1371861
1371862 	1371863 	1371864 	1371865 	1371866 	1371867 	1371868 	1371869 	1371870
1371871 	1371872 	1371873 	1371874 	1371875 	1371876 	1371877 	1371878 	1371879
1371880 	1371881 	1371882 	1371883 	1371884 	1371885 	1371886 	1371887 	1371888
1371889 	1371890 	1371891 	1371892 	1371893 	1371894 	1371895 	1371896 	1371897
1371898 	1371899 	1372000 	1372001 	1372002 	1372003 	1372004 	1372005 	1372006
1372007 	1372008 	1372009 	1374012 	1374013 	1374210 	1374211 	1374562 	1374563
1380000 	1380001 	1380002 	1380003 	1380004 	1380005 	1380006 	1380007 	1380008
1380009 	1380010 	1380011 	1380012 	1380013 	1380014 	1380015 	1380016 	1380017
1380018 	1380019 	1380064 	1380080 	1380088 	1380092 	1380100 	1380101 	1380102
1380103 	1380104 	1380105 	1380106 	1380107 	1380108 	1380109 	1380110 	1380111
1380112 	1380113 	1380114 	1380115 	1380116 	1380117 	1380118 	1380119 	1380120
1380121 	1380122 	1380123 	1380124 	1380125 	1380126 	1380127 	1380128 	1380129
1380130 	1380131 	1380132 	1380133 	1380134 	1380135 	1380136 	1380137 	1380138
1380139 	1381000 	1381001 	1381002 	1381003 	1381004 	1381005 	1381006 	1381007
1381008 	1381009 	1381010 	1381011 	1381012 	1381013 	1381014 	1381015 	1381016
1381017 	1381018 	1381019 	1381020 	1381021 	1381022 	1381023 	1381024 	1381025
1381026 	1381027 	1381028 	1381029 	1381030 	1381031 	1381032 	1381033 	1381034
1381035 	1381036 	1381037 	1381038 	1381039 	1381040 	1381041 	1381042 	1381043
1381044 	1381045 	1381046 	1381047 	1381048 	1381049 	1381050 	1381051 	1381052
1381053 	1381054 	1381055 	1381056 	1381057 	1381058 	1381059 	1381060 	1381061
1381062 	1381063 	1381064 	1381065 	1381066 	1381067 	1381068 	1381069 	1381070
1381071 	1381072 	1381073 	1381074 	1381075 	1381076 	1381077 	1381078 	1381079
1381080 	1381081 	1381082 	1381083 	1381084 	1381085 	1381086 	1381087 	1381088
1381089 	1381090 	1381091 	1381092 	1381093 	1381094 	1381095 	1381096 	1381097
1381098 	1381099 	1381100 	1381101 	1381102 	1381103 	1381104 	1381105 	1381106
1381107 	1381108 	1381109 	1381110 	1381111 	1381112 	1381113 	1381114 	1381115
1381116 	1381117 	1381118 	1381119 	1381120 	1381121 	1381122 	1381123 	1381124
1381125 	1381126 	1381127 	1381128 	1381129 	1381130 	1381131 	1381132 	1381133
1381134 	1381135 	1381136 	1381137 	1381138 	1381139 	1381140 	1381141 	1381142
1381143 	1381144 	1381145 	1381146 	1381147 	1381148 	1381149 	1381150 	1381151
1381152 	1381153 	1381154 	1381155 	1381156 	1381157 	1381158 	1381159 	1381160
1381161 	1381162 	1381163 	1381164 	1381165 	1381166 	1381167 	1381168 	1381169
1381170 	1381171 	1381172 	1381173 	1381174 	1381175 	1381176 	1381177 	1381178
1381179 	1381180 	1381181 	1381182 	1381183 	1381184 	1381185 	1381186 	1381187
1381188 	1381189 	1381190 	1381191 	1381192 	1381193 	1381194 	1381195 	1381196
1381197 	1381198 	1381199
1390009 	1390010 	1390011 	1390012 	1390028 	1390085 	1390097 	1390099 	1390100
1390101 	1390102 	1390103 	1390104 	1390105 	1390106 	1390107 	1390108 	1390109
1390110 	1390111 	1390112 	1390113 	1390114 	1390115 	1390116 	1390117 	1390118
1390119 	1390120 	1390121 	1390122 	1390123 	1390124 	1390125 	1390126 	1390127
1390128 	1390129 	1390130 	1390131 	1390132 	1390133 	1390134 	1390135 	1390136
1390137 	1390138 	1390139 	1391000 	1391001 	1391002 	1391003 	1391004 	1391005
1391006 	1391007 	1391008 	1391009 	1391010 	1391011 	1391012 	1391013 	1391014
1391015 	1391016 	1391017 	1391018 	1391019 	1391020 	1391021 	1391022 	1391023
1391024 	1391025 	1391026 	1391027 	1391028 	1391029 	1391030 	1391031 	1391032
1391033 	1391034 	1391035 	1391036 	1391037 	1391038 	1391039 	1391040 	1391041
1391042 	1391043 	1391044 	1391045 	1391046 	1391047 	1391048 	1391049 	1391050
1391051 	1391052 	1391053 	1391054 	1391055 	1391056 	1391057 	1391058 	1391059
1391060 	1391061 	1391062 	1391063 	1391064 	1391065 	1391066 	1391067 	1391068
1391069 	1391070 	1391071 	1391072 	1391073 	1391074 	1391075 	1391076 	1391077
1391078 	1391079 	1391080 	1391081 	1391082 	1391083 	1391084 	1391085 	1391086
1391087 	1391088 	1391089 	1391090 	1391091 	1391092 	1391093 	1391094 	1391095
1391096 	1391097 	1391098 	1391099 	1391100 	1391101 	1391102 	1391103 	1391104
1391105 	1391106 	1391107 	1391108 	1391109 	1391110 	1391111 	1391112 	1391113
1391114 	1391115 	1391116 	1391117 	1391118 	1391119 	1391120 	1391121 	1391122
1391123 	1391124 	1391125 	1391126 	1391127 	1391128 	1391129 	1391130 	1391131
1391132 	1391133 	1391134 	1391135 	1391136 	1391137 	1391138 	1391139 	1391140
1391141 	1391142 	1391143 	1391144 	1391145 	1391146 	1391147 	1391148 	1391149
1391150 	1391151 	1391152 	1391153 	1391154 	1391155 	1391156 	1391157 	1391158
1391159 	1391160 	1391161 	1391162 	1391163 	1391164 	1391165 	1391166 	1391167
1391168 	1391169 	1391170 	1391171 	1391172 	1391173 	1391174 	1391175 	1391176
1391177 	1391178 	1391179 	1391180 	1391181 	1391182 	1391183 	1391184 	1391185
1391186 	1391187 	1391188 	1391189 	1391190 	1391191 	1391192 	1391193 	1391194
1391195 	1391196 	1391197 	1391198 	1391199
1451000 	1451001 	1451002 	1451003 	1451004 	1451005 	1451006 	1451007 	1451008
1451009 	1451010 	1451011 	1451012 	1451013 	1451014 	1451015 	1451016 	1451017
1451018 	1451019 	1451020 	1451021 	1451022 	1451023 	1451024 	1451025 	1451026
1451027 	1451028 	1451029 	1451030 	1451031 	1451032 	1451033 	1451034 	1451035
1451036 	1451037 	1451038 	1451039 	1451040 	1451041 	1451042 	1451043 	1451044
1451045 	1451046 	1451047 	1451048 	1451049 	1451050 	1451051 	1451052 	1451053
1451054 	1451055 	1451056 	1451057 	1451058 	1451059 	1451060 	1451061 	1451062
1451063 	1451064 	1451065 	1451066 	1451067 	1451068 	1451069 	1451070 	1451071
1451072 	1451073 	1451074 	1451075 	1451076 	1451077 	1451078 	1451079 	1451080
1451081 	1451082 	1451083 	1451084 	1451085 	1451086 	1451087 	1451088 	1451089
1451090 	1451091 	1451092 	1451093 	1451094 	1451095 	1451096 	1451097 	1451098
1451099 	1451100 	1451101 	1451102 	1451103 	1451104 	1451105 	1451106 	1451107
1451108 	1451109 	1451110 	1451111 	1451112 	1451113 	1451114 	1451115 	1451116
1451117 	1451118 	1451119 	1451120 	1451121 	1451122 	1451123 	1451124 	1451125
1451126 	1451127 	1451128 	1451129 	1451130 	1451131 	1451132 	1451133 	1451134
1451135 	1451136 	1451137 	1451138 	1451139 	1451140 	1451141 	1451142 	1451143
1451144 	1451145 	1451146 	1451147 	1451148 	1451149 	1451150 	1451151 	1451152
1451153 	1451154 	1451155 	1451156 	1451157 	1451158 	1451159 	1451160 	1451161
1451162 	1451163 	1451164 	1451165 	1451166 	1451167 	1451168 	1451169 	1451170
1451171 	1451172 	1451173 	1451174 	1451175 	1451176 	1451177 	1451178 	1451179
1451180 	1451181 	1451182 	1451183 	1451184 	1451185 	1451186 	1451187 	1451188
1451189 	1451190 	1451191 	1451192 	1451193 	1451194 	1451195 	1451196 	1451197
1451198 	1451199 	1451200 	1451201 	1451202 	1451203 	1451204 	1451205 	1451206
1451207 	1451208 	1451209 	1451210 	1451211 	1451212 	1451213 	1451214 	1451215
1451216 	1451217 	1451218 	1451219 	1451220 	1451221 	1451222 	1451223 	1451224
1451225 	1451226 	1451227 	1451228 	1451229 	1451230 	1451231 	1451232 	1451233
1451234 	1451235 	1451236 	1451237 	1451238 	1451239 	1451240 	1451241 	1451242
1451243 	1451244 	1451245 	1451246 	1451247 	1451248 	1451249 	1451250 	1451251
1451252 	1451253 	1451254 	1451255 	1451256 	1451257 	1451258 	1451259 	1451260
1451261 	1451262 	1451263 	1451264 	1451265 	1451266 	1451267 	1451268 	1451269
1451270 	1451271 	1451272 	1451273 	1451274 	1451275 	1451276 	1451277 	1451278
1451279 	1451280 	1451281 	1451282 	1451283 	1451284 	1451285 	1451286 	1451287
1451288 	1451289 	1451290 	1451291 	1451292 	1451293 	1451294 	1451295 	1451296
1451297 	1451298 	1451299 	1451300 	1451301 	1451302 	1451303 	1451304 	1451305
1451306 	1451307 	1451308 	1451309 	1451310 	1451311 	1451312 	1451313 	1451314
1451315 	1451316 	1451317 	1451318 	1451319 	1451320 	1451321 	1451322 	1451323
1451324 	1451325 	1451326 	1451327 	1451328 	1451329 	1451330 	1451331 	1451332
1451333 	1451334 	1451335 	1451336 	1451337 	1451338 	1451339 	1451340 	1451341
1451342 	1451343 	1451344 	1451345 	1451346 	1451347 	1451348 	1451349 	1451350
1451351 	1451352 	1451353 	1451354 	1451355 	1451356 	1451357 	1451358 	1451359
1451360 	1451361 	1451362 	1451363 	1451364 	1451365 	1451366 	1451367 	1451368
1451369 	1451370 	1451371 	1451372 	1451373 	1451374 	1451375 	1451376 	1451377
1451378 	1451379 	1451380 	1451381 	1451382 	1451383 	1451384 	1451385 	1451386
1451387 	1451388 	1451389 	1451390 	1451391 	1451392 	1451393 	1451394 	1451395
1451396 	1451397 	1451398 	1451399 	1452000 	1452001 	1452002 	1452003 	1452004
1452005 	1452006 	1452007 	1452008 	1452009 	1452010 	1452011 	1452012 	1452013
1452014 	1452015 	1452016 	1452017 	1452018 	1452019 	1452020 	1452021 	1452022
1452023 	1452024 	1452025 	1452026 	1452027 	1452028 	1452029 	1452030 	1452031
1452032 	1452033 	1452034 	1452035 	1452036 	1452037 	1452038 	1452039 	1451499
1451541 	1450018 	1451991 	1451982 	1451406 	1451701 	1451493 	1451662 	1451620
1451446 	1451994 	1451986
1470100 	1470101 	1470102 	1470103 	1470104 	1470105 	1470106 	1470107 	1470108
1470109 	1470110 	1470111 	1470112 	1470113 	1470114 	1470115 	1470116 	1470117
1470118 	1470119 	1470120 	1470121 	1470122 	1470123 	1470124 	1470125 	1470126
1470127 	1470128 	1470129 	1470130 	1470131 	1470132 	1470133 	1470134 	1470135
1470136 	1470137 	1470138 	1470139 	1476504 	1470140 	1470181 	1470147
1500100 	1500101 	1500102 	1500103 	1500104 	1500105 	1500106 	1500107 	1500108
1500109 	1500110 	1500111 	1500112 	1500113 	1500114 	1500115 	1500116 	1500117
1500118 	1500119 	1500120 	1500121 	1500122 	1500123 	1500124 	1500125 	1500126
1500127 	1500128 	1500129 	1500130 	1500131 	1500132 	1500133 	1500134 	1500135
1500136 	1500137 	1500138 	1500139 	1501000 	1501001 	1501002 	1501003 	1501004
1501005 	1501006 	1501007 	1501008 	1501009 	1501010 	1501011 	1501012 	1501013
1501014 	1501015 	1501016 	1501017 	1501018 	1501019 	1501020 	1501021 	1501022
1501023 	1501024 	1501025 	1501026 	1501027 	1501028 	1501029 	1501030 	1501031
1501032 	1501033 	1501034 	1501035 	1501036 	1501037 	1501038 	1501039 	1501040
1501041 	1501042 	1501043 	1501044 	1501045 	1501046 	1501047 	1501048 	1501049
1501050 	1501051 	1501052 	1501053 	1501054 	1501055 	1501056 	1501057 	1501058
1501059 	1501060 	1501061 	1501062 	1501063 	1501064 	1501065 	1501066 	1501067
1501068 	1501069 	1501070 	1501071 	1501072 	1501073 	1501074 	1501075 	1501076
1501077 	1501078 	1501079 	1501080 	1501081 	1501082 	1501083 	1501084 	1501085
1501086 	1501087 	1501088 	1501089 	1501090 	1501091 	1501092 	1501093 	1501094
1501095 	1501096 	1501097 	1501098 	1501099 	1501100 	1501101 	1501102 	1501103
1501104 	1501105 	1501106 	1501107 	1501108 	1501109 	1501110 	1501111 	1501112
1501113 	1501114 	1501115 	1501116 	1501117 	1501118 	1501119 	1501120 	1501121
1501122 	1501123 	1501124 	1501125 	1501126 	1501127 	1501128 	1501129 	1501130
1501131 	1501132 	1501133 	1501134 	1501135 	1501136 	1501137 	1501138 	1501139
1501140 	1501141 	1501142 	1501143 	1501144 	1501145 	1501146 	1501147 	1501148
1501149 	1501150 	1501151 	1501152 	1501153 	1501154 	1501155 	1501156 	1501157
1501158 	1501159
1510100 	1510101 	1510102 	1510103 	1510104 	1510105 	1510106 	1510107 	1510108
1510109 	1510110 	1510111 	1510112 	1510113 	1510114 	1510115 	1510116 	1510117
1510118 	1510119 	1510150 	1510151 	1510152 	1510153 	1510154 	1510155 	1510156
1510157 	1510158 	1510159 	1510160 	1510161 	1510162 	1510163 	1510164 	1510165
1510166 	1510167 	1510168 	1510169 	1511000 	1511001 	1511002 	1511003 	1511004
1511005 	1511006 	1511007 	1511008 	1511009 	1511010 	1511011 	1511012 	1511013
1511014 	1511015 	1511016 	1511017 	1511018 	1511019 	1511020 	1511021 	1511022
1511023 	1511024 	1511025 	1511026 	1511027 	1511028 	1511029 	1511690 	1511691
1511692 	1511693 	1511694 	1511695 	1511696 	1511697 	1511698 	1511699 	1511790
1511791 	1511792 	1511793 	1511794 	1511795 	1511796 	1511797 	1511798 	1511799
1512000 	1512001 	1512002 	1512003 	1512004 	1512005 	1512006 	1512007 	1512008
1512009
1520100 	1520101 	1520102 	1520103 	1520104 	1520105 	1520106 	1520107 	1520108
1520109 	1520110 	1520111 	1520112 	1520113 	1520114 	1520115 	1520116 	1520117
1520118 	1520119 	1520120 	1520121 	1520122 	1520123 	1520124 	1520125 	1520126
1520127 	1520128 	1520129 	1520130 	1520131 	1520132 	1520133 	1520134 	1520135
1520136 	1520137 	1520138 	1520139 	1520140 	1520141 	1520142 	1520143 	1520144
1520145 	1520146 	1520147 	1520148 	1520149 	1520150 	1520151 	1520152 	1520153
1520154 	1520155 	1520156 	1520157 	1520158 	1520159 	1520160 	1520161 	1520162
1520163 	1520164 	1520165 	1520166 	1520167 	1520168 	1520169 	1521000 	1521001
1521002 	1521003 	1521004 	1521005 	1521006 	1521007 	1521008 	1521009 	1521010
1521011 	1521012 	1521013 	1521014 	1521015 	1521016 	1521017 	1521018 	1521019
1521020 	1521021 	1521022 	1521023 	1521024 	1521025 	1521026 	1521027 	1521028
1521029 	1521030 	1521031 	1521032 	1521033 	1521034 	1521035 	1521036 	1521037
1521038 	1521039 	1521040 	1521041 	1521042 	1521043 	1521044 	1521045 	1521046
1521047 	1521048 	1521049 	1521050 	1521051 	1521052 	1521053 	1521054 	1521055
1521056 	1521057 	1521058 	1521059 	1521060 	1521061 	1521062 	1521063 	1521064
1521065 	1521066 	1521067 	1521068 	1521069 	1521070 	1521071 	1521072 	1521073
1521074 	1521075 	1521076 	1521077 	1521078 	1521079 	1521080 	1521081 	1521082
1521083 	1521084 	1521085 	1521086 	1521087 	1521088 	1521089 	1521090 	1521091
1521092 	1521093 	1521094 	1521095 	1521096 	1521097 	1521098 	1521099
1530000 	1530001 	1530002 	1530003 	1530004 	1530005 	1530006 	1530007 	1530008
1530009 	1530010 	1530011 	1530012 	1530013 	1530014 	1530015 	1530016 	1530017
1530018 	1530019 	1530020 	1530021 	1530022 	1530023 	1530024 	1530025 	1530026
1530027 	1530028 	1530029 	1530030 	1530031 	1530032 	1530033 	1530034 	1530035
1530036 	1530037 	1530038 	1530039 	1530100 	1530101 	1530102 	1530103 	1530104
1530105 	1530106 	1530107 	1530108 	1530109 	1530110 	1530111 	1530112 	1530113
1530114 	1530115 	1530116 	1530117 	1530118 	1530119 	1530120 	1530121 	1530122
1530123 	1530124 	1530125 	1530126 	1530127 	1530128 	1530129 	1530130 	1530131
1530132 	1530133 	1530134 	1530135 	1530136 	1530137 	1530138 	1530139 	1531100
1531101 	1531102 	1531103 	1531104 	1531105 	1531106 	1531107 	1531108 	1531109
1531110 	1531111 	1531112 	1531113 	1531114 	1531115 	1531116 	1531117 	1531118
1531119 	1531120 	1531121 	1531122 	1531123 	1531124 	1531125 	1531126 	1531127
1531128 	1531129 	1531130 	1531131 	1531132 	1531133 	1531134 	1531135 	1531136
1531137 	1531138 	1531139 	1531140 	1531141 	1531142 	1531143 	1531144 	1531145
1531146 	1531147 	1531148 	1531149 	1531150 	1531151 	1531152 	1531153 	1531154
1531155 	1531156 	1531157 	1531158 	1531159 	1531160 	1531161 	1531162 	1531163
1531164 	1531165 	1531166 	1531167 	1531168 	1531169 	1531170 	1531171 	1531172
1531173 	1531174 	1531175 	1531176 	1531177 	1531178 	1531179 	1531180 	1531181
1531182 	1531183 	1531184 	1531185 	1531186 	1531187 	1531188 	1531189 	1531190
1531191 	1531192 	1531193 	1531194 	1531195 	1531196 	1531197 	1531198 	1531199
1531300 	1531301 	1531302 	1531303 	1531304 	1531305 	1531306 	1531307 	1531308
1531309 	1531310 	1531311 	1531312 	1531313 	1531314 	1531315 	1531316 	1531317
1531318 	1531319 	1531320 	1531321 	1531322 	1531323 	1531324 	1531325 	1531326
1531327 	1531328 	1531329 	1531330 	1531331 	1531332 	1531333 	1531334 	1531335
1531336 	1531337 	1531338 	1531339 	1531340 	1531341 	1531342 	1531343 	1531344
1531345 	1531346 	1531347 	1531348 	1531349 	1531350 	1531351 	1531352 	1531353
1531354 	1531355 	1531356 	1531357 	1531358 	1531359 	1531360 	1531361 	1531362
1531363 	1531364 	1531365 	1531366 	1531367 	1531368 	1531369 	1531370 	1531371
1531372 	1531373 	1531374 	1531375 	1531376 	1531377 	1531378 	1531379 	1531380
1531381 	1531382 	1531383 	1531384 	1531385 	1531386 	1531387 	1531388 	1531389
1531390 	1531391 	1531392 	1531393 	1531394 	1531395 	1531396 	1531397 	1531398
1531399 	1532100 	1532101 	1532102 	1532103 	1532104 	1532105 	1532106 	1532107
1532108 	1532109 	1532110 	1532111 	1532112 	1532113 	1532114 	1532115 	1532116
1532117 	1532118 	1532119 	1532120 	1532121 	1532122 	1532123 	1532124 	1532125
1532126 	1532127 	1532128 	1532129 	1532130 	1532131 	1532132 	1532133 	1532134
1532135 	1532136 	1532137 	1532138 	1532139 	1532140 	1532141 	1532142 	1532143
1532144 	1532145 	1532146 	1532147 	1532148 	1532149 	1532150 	1532151 	1532152
1532153 	1532154 	1532155 	1532156 	1532157 	1532158 	1532159 	1532160 	1532161
1532162 	1532163 	1532164 	1532165 	1532166 	1532167 	1532168 	1532169 	1532170
1532171 	1532172 	1532173 	1532174 	1532175 	1532176 	1532177 	1532178 	1532179
1532180 	1532181 	1532182 	1532183 	1532184 	1532185 	1532186 	1532187 	1532188
1532189 	1532190 	1532191 	1532192 	1532193 	1532194 	1532195 	1532196 	1532197
1532198 	1532199 	1533000 	1533001 	1533002 	1533003 	1533004 	1533005 	1533006
1533007 	1533008 	1533009 	1533010 	1533011 	1533012 	1533013 	1533014 	1533015
1533016 	1533017 	1533018 	1533019 	1533020 	1533021 	1533022 	1533023 	1533024
1533025 	1533026 	1533027 	1533028 	1533029 	1533104 	1533108 	1533109 	1534000
1534001 	1534002 	1534003 	1534004 	1534005 	1534006 	1534007 	1534008 	1534009
1534010 	1534011 	1534012 	1534013 	1534014 	1534015 	1534016 	1534017 	1534018
1534019 	1535101 	1535102 	1535103 	1535104 	1535105
1550100 	1550101 	1550102 	1550103 	1550104 	1550105 	1550106 	1550107 	1550108
1550109 	1551000 	1551001 	1551002 	1551003 	1551004 	1551005 	1551006 	1551007
1551008 	1551009 	1551010 	1551011 	1551012 	1551013 	1551014 	1551015 	1551016
1551017 	1551018 	1551019 	1551020 	1551021 	1551022 	1551023 	1551024 	1551025
1551026 	1551027 	1551028 	1551029 	1551030 	1551031 	1551032 	1551033 	1551034
1551035 	1551036 	1551037 	1551038 	1551039 	1551040 	1551041 	1551042 	1551043
1551044 	1551045 	1551046 	1551047 	1551048 	1551049 	1551050 	1551051 	1551052
1551053 	1551054 	1551055 	1551056 	1551057 	1551058 	1551059 	1551060 	1551061
1551062 	1551063 	1551064 	1551065 	1551066 	1551067 	1551068 	1551069 	1551070
1551071 	1551072 	1551073 	1551074 	1551075 	1551076 	1551077 	1551078 	1551079
1550120 	1550128 	1550123 	1550118 	1550111 	1550117 	1550126 	1550110 	1550113
1550112 	1550122		1550124 	1550129 	1550127 	1550121 	1550119 	1550116 	1550114
1550115 	1550125		1560000 	1560001 	1560002 	1560003 	1560004 	1560005 	1560006 	1560007 	1560008
1560009 	1560010 	1560011 	1560012 	1560013 	1560014 	1560015 	1560016 	1560017
1560018 	1560019 	1560020 	1560021 	1560022 	1560023 	1560024 	1560025 	1560026
1560027 	1560028 	1560029 	1560030 	1560031 	1560032 	1560033 	1560034 	1560035
1560036 	1560037 	1560038 	1560039 	1560040 	1560041 	1560042 	1560043 	1560044
1560045 	1560046 	1560047 	1560048 	1560049 	1560050 	1560051 	1560052 	1560053
1560054 	1560055 	1560056 	1560057 	1560058 	1560059 	1560060 	1560061 	1560062
1560063 	1560064 	1560065 	1560066 	1560067 	1560068 	1560069 	1560070 	1560071
1560072 	1560073 	1560074 	1560075 	1560076 	1560077 	1560078 	1560079 	1560080
1560081 	1560082 	1560083 	1560084 	1560085 	1560086 	1560087 	1560088 	1560089
1560090 	1560091 	1560092 	1560093 	1560094 	1560095 	1560096 	1560097 	1560098
1560099 	1560100 	1560101 	1560102 	1560103 	1560104 	1560105 	1560106 	1560107
1560108 	1560109 	1560110 	1560111 	1560112 	1560113 	1560114 	1560115 	1560116
1560117 	1560118 	1560119 	1560120 	1560121 	1560122 	1560123 	1560124 	1560125
1560126 	1560127 	1560128 	1560129 	1560130 	1560131 	1560132 	1560133 	1560134
1560135 	1560136 	1560137 	1560138 	1560139 	1561100 	1561101 	1561102 	1561103
1561104 	1561105 	1561106 	1561107 	1561108 	1561109 	1561110 	1561111 	1561112
1561113 	1561114 	1561115 	1561116 	1561117 	1561118 	1561119 	1561120 	1561121
1561122 	1561123 	1561124 	1561125 	1561126 	1561127 	1561128 	1561129 	1561130
1561131 	1561132 	1561133 	1561134 	1561135 	1561136 	1561137 	1561138 	1561139
1561140 	1561141 	1561142 	1561143 	1561144 	1561145 	1561146 	1561147 	1561148
1561149 	1561150 	1561151 	1561152 	1561153 	1561154 	1561155 	1561156 	1561157
1561158 	1561159 	1561160 	1561161 	1561162 	1561163 	1561164 	1561165 	1561166
1561167 	1561168 	1561169 	1561170 	1561171 	1561172 	1561173 	1561174 	1561175
1561176 	1561177 	1561178 	1561179 	1561180 	1561181 	1561182 	1561183 	1561184
1561185 	1561186 	1561187 	1561188 	1561189 	1561190 	1561191 	1561192 	1561193
1561194 	1561195 	1561196 	1561197 	1561198 	1561199 	1562100 	1562101 	1562102
1562103 	1562104 	1562105 	1562106 	1562107 	1562108 	1562109 	1562110 	1562111
1562112 	1562113 	1562114 	1562115 	1562116 	1562117 	1562118 	1562119 	1562120
1562121 	1562122 	1562123 	1562124 	1562125 	1562126 	1562127 	1562128 	1562129
1562130 	1562131 	1562132 	1562133 	1562134 	1562135 	1562136 	1562137 	1562138
1562139 	1562140 	1562141 	1562142 	1562143 	1562144 	1562145 	1562146 	1562147
1562148 	1562149 	1562150 	1562151 	1562152 	1562153 	1562154 	1562155 	1562156
1562157 	1562158 	1562159 	1562160 	1562161 	1562162 	1562163 	1562164 	1562165
1562166 	1562167 	1562168 	1562169 	1562170 	1562171 	1562172 	1562173 	1562174
1562175 	1562176 	1562177 	1562178 	1562179 	1562180 	1562181 	1562182 	1562183
1562184 	1562185 	1562186 	1562187 	1562188 	1562189 	1562190 	1562191 	1562192
1562193 	1562194 	1562195 	1562196 	1562197 	1562198 	1562199 	1562490 	1562491
1562492 	1562493 	1562494 	1562495 	1562496 	1562497 	1562498 	1562499 	1563400
1563401 	1563402 	1563403 	1563404 	1563405 	1563406 	1563407 	1563408 	1563409
1563410 	1563411 	1563412 	1563413 	1563414 	1563415 	1563416 	1563417 	1563418
1563419 	1563420 	1563421 	1563422 	1563423 	1563424 	1563425 	1563426 	1563427
1563428 	1563429 	1563430 	1563431 	1563432 	1563433 	1563434 	1563435 	1563436
1563437 	1563438 	1563439 	1563440 	1563441 	1563442 	1563443 	1563444 	1563445
1563446 	1563447 	1563448 	1563449 	1563450 	1563451 	1563452 	1563453 	1563454
1563455 	1563456 	1563457 	1563458 	1563459 	1563460 	1563461 	1563462 	1563463
1563464 	1563465 	1563466 	1563467 	1563468 	1563469 	1563470 	1563471 	1563472
1563473 	1563474 	1563475 	1563476 	1563477 	1563478 	1563479 	1563480 	1563481
1563482 	1563483 	1563484 	1563485 	1563486 	1563487 	1563488 	1563489 	1564600
1564601 	1564602 	1564603 	1564604 	1564605 	1564606 	1564607 	1564608 	1564609
1564610 	1564611 	1564612 	1564613 	1564614 	1564615 	1564616 	1564617 	1564618
1564619 	1564620 	1564621 	1564622 	1564623 	1564624 	1564625 	1564626 	1564627
1564628 	1564629 	1564630 	1564631 	1564632 	1564633 	1564634 	1564635 	1564636
1564637 	1564638 	1564639 	1564640 	1564641 	1564642 	1564643 	1564644 	1564645
1564646 	1564647 	1564648 	1564649 	1564650 	1564651 	1564652 	1564653 	1564654
1564655 	1564656 	1564657 	1564658 	1564659 	1564660 	1564661 	1564662 	1564663
1564664 	1564665 	1564666 	1564667 	1564668 	1564669 	1564670 	1564671 	1564672
1564673 	1564674 	1564675 	1564676 	1564677 	1564678 	1564679 	1564680 	1564681
1564682 	1564683 	1564684 	1564685 	1564686 	1564687 	1564688 	1564689 	1564690
1564691 	1564692 	1564693 	1564694 	1564695 	1564696 	1564697 	1564698 	1564699
1565000 	1565001 	1565002 	1565003 	1565004 	1565005 	1565006 	1565007 	1565008
1565009 	1565010 	1565011 	1565012 	1565013 	1565014 	1565015 	1565016 	1565017
1565018 	1565019 	1565020 	1565021 	1565022 	1565023 	1565024 	1565025 	1565026
1565027 	1565028 	1565029 	1565030 	1565031 	1565032 	1565033 	1565034 	1565035
1565036 	1565037 	1565038 	1565039 	1565040 	1565041 	1565042 	1565043 	1565044
1565045 	1565046 	1565047 	1565048 	1565049 	1565050 	1565051 	1565052 	1565053
1565054 	1565055 	1565056 	1565057 	1565058 	1565059 	1565060 	1565061 	1565062
1565063 	1565064 	1565065 	1565066 	1565067 	1565068 	1565069 	1565070 	1565071
1565072 	1565073 	1565074 	1565075 	1565076 	1565077 	1565078 	1565079 	1565080
1565081 	1565082 	1565083 	1565084 	1565085 	1565086 	1565087 	1565088 	1565089
1565090 	1565091 	1565092 	1565093 	1565094 	1565095 	1565096 	1565097 	1565098
1565099 	1565200 	1565201 	1565202 	1565203 	1565204 	1565205 	1565206 	1565207
1565208 	1565209 	1565210 	1565211 	1565212 	1565213 	1565214 	1565215 	1565216
1565217 	1565218 	1565219 	1565220 	1565221 	1565222 	1565223 	1565224 	1565225
1565226 	1565227 	1565228 	1565229 	1565230 	1565231 	1565232 	1565233 	1565234
1565235 	1565236 	1565237 	1565238 	1565239 	1565240 	1565241 	1565242 	1565243
1565244 	1565245 	1565246 	1565247 	1565248 	1565249 	1565250 	1565251 	1565252
1565253 	1565254 	1565255 	1565256 	1565257 	1565258 	1565259 	1565260 	1565261
1565262 	1565263 	1565264 	1565265 	1565266 	1565267 	1565268 	1565269 	1565270
1565271 	1565272 	1565273 	1565274 	1565275 	1565276 	1565277 	1565278 	1565279
1565280 	1565281 	1565282 	1565283 	1565284 	1565285 	1565286 	1565287 	1565288
1565289 	1565290 	1565291 	1565292 	1565293 	1565294 	1565295 	1565296 	1565297
1565298 	1565299 	1569970 	1569971 	1569972 	1569973 	1569974 	1569975 	1569976
1569977 	1569978 	1569979 	1569980 	1569981 	1569982 	1569983 	1569984 	1569985
1569986 	1569987 	1569988 	1569989 	1569990 	1569991 	1569992 	1569993 	1569994
1569995 	1569996 	1569997 	1569998 	1569999
157 
1571000 	1571001 	1571002 	1571003 	1571004 	1571005 	1571006 	1571007 	1571008
1571009 	1571100 	1571101 	1571102 	1571103 	1571104 	1571105 	1571106 	1571107
1571108 	1571109 	1571110 	1571111 	1571112 	1571113 	1571114 	1571115 	1571116
1571117 	1571118 	1571119 	1571120 	1571121 	1571122 	1571123 	1571124 	1571125
1571126 	1571127 	1571128 	1571129 	1571130 	1571131 	1571132 	1571133 	1571134
1571135 	1571136 	1571137 	1571138 	1571139 	1571140 	1571141 	1571142 	1571143
1571144 	1571145 	1571146 	1571147 	1571148 	1571149 	1571280 	1571281 	1571282
1571283 	1571284 	1571285 	1571286 	1571287 	1571288 	1571289 	1571290 	1571291
1571292 	1571293 	1571294 	1571295 	1571296 	1571297 	1571298 	1571299 	1571880
1571881 	1571882 	1571883 	1571884 	1571885 	1571886 	1571887 	1571888 	1571889
1570100 	1570149 	1572665 	1570113 	1572662 	1570126 	1570128 	1570131 	1572669
1570167 	1572666 	1570135 	1572738 	1570150 	1572668 	1570137 	1570111 	1570154
1570153 	1570127 	1572735 	1570168 	1570166 	1572475 	1572472 	1572473 	1572470
1572474 	1572476 	1570115 	1570104 	1570116 	1570112 	1570133 	1570132 	1570136
1570130 	1570151 	1570152 	1570160 	1570161 	1572664 	1572667 	1570119 	1570117
1570118 	1570120 	1572739 	1572737 	1572736 	1572730 	1572733 	1572732 	1572731
1572661 	1572660 	1572663 	1570164 	1570163 	1570162 	1570165 	1570159 	1570158
1570155 	1570139 	1570138 	1570157 	1570125 	1570129 	1570123 	1570124 	1570121
1570122 	1570101 	1570108 	1570106 	1570148 	1572478 	1570140 	1572471
1580100 	1580101 	1580102 	1580103 	1580104 	1580105 	1580106 	1580107 	1580108
1580109 	1580110 	1580111 	1580112 	1580113 	1580114 	1580115 	1580116 	1580117
1580118 	1580119 	1580120 	1580121 	1580122 	1580123 	1580124 	1580125 	1580126
1580127 	1580128 	1580129 	1580130 	1580131 	1580132 	1580133 	1580134 	1580135
1580136 	1580137 	1580138 	1580139 	1580140 	1580141 	1580142 	1580143 	1580144
1580145 	1580146 	1580147 	1580148 	1580149 	1580150 	1580151 	1580152 	1580153
1580154 	1580155 	1580156 	1580157 	1580158 	1580159 	1580160 	1580161 	1580162
1580163 	1580164 	1580165 	1580166 	1580167 	1580168 	1580169 	1581000 	1581001
1581002 	1581003 	1581004 	1581005 	1581006 	1581007 	1581008 	1581009 	1581010
1581011 	1581012 	1581013 	1581014 	1581015 	1581016 	1581017 	1581018 	1581019
1581020 	1581021 	1581022 	1581023 	1581024 	1581025 	1581026 	1581027 	1581028
1581029 	1581030 	1581031 	1581032 	1581033 	1581034 	1581035 	1581036 	1581037
1581038 	1581039 	1581040 	1581041 	1581042 	1581043 	1581044 	1581045 	1581046
1581047 	1581048 	1581049 	1581050 	1581051 	1581052 	1581053 	1581054 	1581055
1581056 	1581057 	1581058 	1581059 	1581060 	1581061 	1581062 	1581063 	1581064
1581065 	1581066 	1581067 	1581068 	1581069 	1581070 	1581071 	1581072 	1581073
1581074 	1581075 	1581076 	1581077 	1581078 	1581079 	1581080 	1581081 	1581082
1581083 	1581084 	1581085 	1581086 	1581087 	1581088 	1581089 	1581090 	1581091
1581092 	1581093 	1581094 	1581095 	1581096 	1581097 	1581098 	1581099 	1581100
1581101 	1581102 	1581103 	1581104 	1581105 	1581106 	1581107 	1581108 	1581109
1581110 	1581111 	1581112 	1581113 	1581114 	1581115 	1581116 	1581117 	1581118
1581119 	1581120 	1581121 	1581122 	1581123 	1581124 	1581125 	1581126 	1581127
1581128 	1581129 	1581130 	1581131 	1581132 	1581133 	1581134 	1581135 	1581136
1581137 	1581138 	1581139 	1581140 	1581141 	1581142 	1581143 	1581144 	1581145
1581146 	1581147 	1581148 	1581149 	1581150 	1581151 	1581152 	1581153 	1581154
1581155 	1581156 	1581157 	1581158 	1581159
1590100 	1590101 	1590102 	1590103 	1590104 	1590105 	1590106 	1590107 	1590108
1590109 	1590110 	1590111 	1590112 	1590113 	1590114 	1590115 	1590116 	1590117
1590118 	1590119 	1590120 	1590121 	1590122 	1590123 	1590124 	1590125 	1590126
1590127 	1590128 	1590129 	1590130 	1590131 	1590132 	1590133 	1590134 	1590135
1590136 	1590137 	1590138 	1590139 	1590140 	1590141 	1590142 	1590143 	1590144
1590145 	1590146 	1590147 	1590148 	1590149 	1590150 	1590151 	1590152 	1590153
1590154 	1590155 	1590156 	1590157 	1590158 	1590159 	1591020 	1591021 	1591022
1591023 	1591024 	1591025 	1591026 	1591027 	1591028 	1591029 	1591030 	1591031
1591032 	1591033 	1591034 	1591035 	1591036 	1591037 	1591038 	1591039 	1591040
1591041 	1591042 	1591043 	1591044 	1591045 	1591046 	1591047 	1591048 	1591049
1591050 	1591051 	1591052 	1591053 	1591054 	1591055 	1591056 	1591057 	1591058
1591059 	1591060 	1591061 	1591062 	1591063 	1591064 	1591065 	1591066 	1591067
1591068 	1591069 	1591070 	1591071 	1591072 	1591073 	1591074 	1591075 	1591076
1591077 	1591078 	1591079 	1591080 	1591081 	1591082 	1591083 	1591084 	1591085
1591086 	1591087 	1591088 	1591089 	1591090 	1591091 	1591092 	1591093 	1591094
1591095 	1591096 	1591097 	1591098 	1591099 	1591100 	1591101 	1591102 	1591103
1591104 	1591105 	1591106 	1591107 	1591108 	1591109 	1591110 	1591111 	1591112
1591113 	1591114 	1591115 	1591116 	1591117 	1591118 	1591119
1820100 	1820101 	1820102 	1820103 	1820104 	1820105 	1820106 	1820107 	1820108
1820109 	1820110 	1820111 	1820112 	1820113 	1820114 	1820115 	1820116 	1820117
1820118 	1820119 	1820120 	1820121 	1820122 	1820123 	1820124 	1820125 	1820126
1820127 	1820128 	1820129 	1820130 	1820131 	1820132 	1820133 	1820134 	1820135
1820136 	1820137 	1820138 	1820139 	1820140 	1820141 	1820142 	1820143 	1820144
1820145 	1820146 	1820147 	1820148 	1820149 	1820150 	1820151 	1820152 	1820153
1820154 	1820155 	1820156 	1820157 	1820158 	1820159 	1820160 	1820161 	1820162
1820163 	1820164 	1820165 	1820166 	1820167 	1820168 	1820169 	1821000 	1821001
1821002 	1821003 	1821004 	1821005 	1821006 	1821007 	1821008 	1821009 	1821010
1821011 	1821012 	1821013 	1821014 	1821015 	1821016 	1821017 	1821018 	1821019
1821020 	1821021 	1821022 	1821023 	1821024 	1821025 	1821026 	1821027 	1821028
1821029 	1821030 	1821031 	1821032 	1821033 	1821034 	1821035 	1821036 	1821037
1821038 	1821039 	1821040 	1821041 	1821042 	1821043 	1821044 	1821045 	1821046
1821047 	1821048 	1821049 	1821050 	1821051 	1821052 	1821053 	1821054 	1821055
1821056 	1821057 	1821058 	1821059 	1821060 	1821061 	1821062 	1821063 	1821064
1821065 	1821066 	1821067 	1821068 	1821069 	1821070 	1821071 	1821072 	1821073
1821074 	1821075 	1821076 	1821077 	1821078 	1821079 	1821080 	1821081 	1821082
1821083 	1821084 	1821085 	1821086 	1821087 	1821088 	1821089 	1821112 	1821105
1821098 	1821091 	1821093 	1821090 	1821101 	1821109 	1821118 	1821108 	1821117
1821110 	1821115 	1821113 	1821111 	1821114 	1821116 	1821119 	1821107 	1821104
1821096 	1821103 	1821102 	1821097 	1821099 	1821100 	1821106 	1821095 	1821094
1821092
1830100 	1830101 	1830102 	1830103 	1830104 	1830105 	1830106 	1830107 	1830108
1830109 	1830110 	1830111 	1830112 	1830113 	1830114 	1830115 	1830116 	1830117
1830118 	1830119 	1830120 	1830121 	1830122 	1830123 	1830124 	1830125 	1830126
1830127 	1830128 	1830129 	1830130 	1830131 	1830132 	1830133 	1830134 	1830135
1830136 	1830137 	1830138 	1830139 	1830140 	1830141 	1830142 	1830143 	1830144
1830145 	1830146 	1830147 	1830148 	1830149 	1830150 	1830151 	1830152 	1830153
1830154 	1830155 	1830156 	1830157 	1830158 	1830159 	1830160 	1830161 	1830162
1830163 	1830164 	1830165 	1830166 	1830167 	1830168 	1830169 	1831000 	1831001
1831002 	1831003 	1831004 	1831005 	1831006 	1831007 	1831008 	1831009 	1831010
1831011 	1831012 	1831013 	1831014 	1831015 	1831016 	1831017 	1831018 	1831019
1831020 	1831021 	1831022 	1831023 	1831024 	1831025 	1831026 	1831027 	1831028
1831029 	1831030 	1831031 	1831032 	1831033 	1831034 	1831035 	1831036 	1831037
1831038 	1831039 	1831040 	1831041 	1831042 	1831043 	1831044 	1831045 	1831046
1831047 	1831048 	1831049 	1831050 	1831051 	1831052 	1831053 	1831054 	1831055
1831056 	1831057 	1831058 	1831059 	1831060 	1831061 	1831062 	1831063 	1831064
1831065 	1831066 	1831067 	1831068 	1831069 	1831070 	1831071 	1831072 	1831073
1831074 	1831075 	1831076 	1831077 	1831078 	1831079 	1831080 	1831081 	1831082
1831083 	1831084 	1831085 	1831086 	1831087 	1831088 	1831089 	1831090 	1831091
1831092 	1831093 	1831094 	1831095 	1831096 	1831097 	1831098 	1831099 	1831100
1831101 	1831102 	1831103 	1831104 	1831105 	1831106 	1831107 	1831108 	1831109
1831110 	1831111 	1831112 	1831113 	1831114 	1831115 	1831116 	1831117 	1831118
1831119 	1831120 	1831121 	1831122 	1831123 	1831124 	1831125 	1831126 	1831127
1831128 	1831129 	1831130 	1831131 	1831132 	1831133 	1831134 	1831135 	1831136
1831137 	1831138 	1831139 	1831140 	1831141 	1831142 	1831143 	1831144 	1831145
1831146 	1831147 	1831148 	1831149
1860000 	1860001 	1860002 	1860003 	1860004 	1860005 	1860006 	1860007 	1860008
1860009 	1860100 	1860101 	1860102 	1860103 	1860104 	1860105 	1860106 	1860107
1860108 	1860109 	1860110 	1860111 	1860112 	1860113 	1860114 	1860115 	1860116
1860117 	1860118 	1860119 	1860120 	1860121 	1860122 	1860123 	1860124 	1860125
1860126 	1860127 	1860128 	1860129 	1860130 	1860131 	1860132 	1860133 	1860134
1860135 	1860136 	1860137 	1860138 	1860139 	1860180 	1860181 	1860182 	1860183
1860184 	1860185 	1860186 	1860187 	1860188 	1860189 	1861000 	1861001 	1861002
1861003 	1861004 	1861005 	1861006 	1861007 	1861008 	1861009 	1861020 	1861021
1861022 	1861023 	1861024 	1861025 	1861026 	1861027 	1861028 	1861029 	1861100
1861101 	1861102 	1861103 	1861104 	1861105 	1861106 	1861107 	1861108 	1861109
1861110 	1861111 	1861112 	1861113 	1861114 	1861115 	1861116 	1861117 	1861118
1861119 	1861120 	1861121 	1861122 	1861123 	1861124 	1861125 	1861126 	1861127
1861128 	1861129 	1861130 	1861131 	1861132 	1861133 	1861134 	1861135 	1861136
1861137 	1861138 	1861139 	1861140 	1861141 	1861142 	1861143 	1861144 	1861145
1861146 	1861147 	1861148 	1861149 	1861170 	1861171 	1861172 	1861173 	1861174
1861175 	1861176 	1861177 	1861178 	1861179 	1861800 	1861801 	1861802 	1861803
1861804 	1861805 	1861806 	1861807 	1861808 	1861809 	1861810 	1861811 	1861812
1861813 	1861814 	1861815 	1861816 	1861817 	1861818 	1861819 	1861820 	1861821
1861822 	1861823 	1861824 	1861825 	1861826 	1861827 	1861828 	1861829 	1861830
1861831 	1861832 	1861833 	1861834 	1861835 	1861836 	1861837 	1861838 	1861839
1861840 	1861841 	1861842 	1861843 	1861844 	1861845 	1861846 	1861847 	1861848
1861849 	1861850 	1861851 	1861852 	1861853 	1861854 	1861855 	1861856 	1861857
1861858 	1861859 	1861860 	1861861 	1861862 	1861863 	1861864 	1861865 	1861866
1861867 	1861868 	1861869 	1861870 	1861871 	1861872 	1861873 	1861874 	1861875
1861876 	1861877 	1861878 	1861879 	1861880 	1861881 	1861882 	1861883 	1861884
1861885 	1861886 	1861887 	1861888 	1861889 	1861890 	1861891 	1861892 	1861893
1861894 	1861895 	1861896 	1861897 	1861898 	1861899 	1866690 	1866691 	1866692
1866693 	1866694 	1866695 	1866696 	1866697 	1866698 	1866699 	1861407 	1861233
1861221 	1861255 	1860059 	1861186 	1860087 	1861088 	1860026 	1861068 	1861094
1860023 	1861252 	1861293 	1861269 	1860076 	1861194 	1861405 	1861288 	1861226
1861211 	1861184 	1861157 	1860013 	1861077 	1861072 	1860089 	1861238 	1861260
1861281 	1861298 	1860040 	1861011 	1861253 	1860012 	1861167 	1860033 	1861193
1860190 	1860039 	1860082 	1861195 	1860195 	1860022 	1861048 	1860068 	1860052
1861080 	1861081 	1861236 	1860044 	1860054 	1861256 	1860091 	1860015 	1861071
1861426 	1861268 	1860041 	1861261 	1861014 	1861280 	1860031 	1861212 	1861299
1861181 	1861056 	1860199 	1861251 	1861160 	1861099 	1861386 	1861182 	1861216
1861045 	1860070 	1861337 	1861296 	1860017 	1860078 	1861049 	1861155 	1861990
1861278 	1860085 	1861161 	1861229 	1861218 	1861986 	1861036 	1861152 	1861059
1861235 	1860016 	1860073 	1861246 	1861422 	1861257 	1861228 	1861041 	1860062
1860021 	1861032 	1861066 	1861058 	1861096 	1860081 	1861156 	1861205 	1860010
1861013 	1861988 	1861207 	1861031 	1861067 	1861189 	1860029 	1861197 	1861033
1860047 	1860093 	1861241 	1861231 	1861198 	1860032 	1860049 	1861017 	1861989
1861383 	1861234 	1860036 	1861217 	1861202 	1860066 	1861258 	1860194 	1861994
1860097 	1861382 	1861084 	1860057 	1860014 	1861292 	1861185 	1861168 	1861983
1861213 	1861295 	1861243 	1860051 	1861010 	1861073 	1861083 	1861018 	1861074
1861993 	1861192 	1861286 	1861188 	1861297 	1860018 	1861425 	1861406 	1860061
1860063 	1861040 	1861039 	1861042 	1860060 	1860064 	1860065 	1861428 	1861424
1861423 	1861409 	1861427 	1861403 	1861408 	1861404 	1861402 	1861400 	1861401
1861389 	1861388 	1861385 	1861381 	1861387 	1861384 	1861380 	1861338 	1861336
1861339 	1861335 	1861331 	1861332 	1861291 	1861294 	1861287 	1861289 	1861290
1861285 	1861284 	1861283 	1861279 	1861282 	1861276 	1861274 	1861277 	1861275
1861272 	1861273 	1861271 	1861270 	1861266 	1861264 	1861267 	1861265 	1861262
1861259 	1861254 	1861263 	1861248 	1861247 	1861250 	1861249 	1861244 	1861245
1861242 	1861240 	1861237 	1861239 	1861230 	1861232 	1861225 	1861223 	1861224
1861227 	1861220 	1861222 	1861219 	1861214 	1861209 	1861210 	1861208 	1861206
1861203 	1861200 	1861204 	1861201 	1861199 	1861191 	1861190 	1861196 	1861183
1861169 	1861187 	1861180 	1861164 	1861165 	1861166 	1861163 	1861162 	1861159
1861154 	1861158 	1861098 	1861150 	1861151 	1861153 	1861095 	1861092 	1861097
1861093 	1861091 	1861089 	1861087 	1861090 	1861085 	1861079 	1861086 	1861082
1861078 	1861070 	1861076 	1861075 	1861064 	1861065 	1861063 	1861069 	1861057
1861061 	1861062 	1861060 	1861054 	1861053 	1861055 	1861052 	1861051 	1861046
1861050 	1861047 	1861043 	1861044 	1861037 	1861038 	1861030 	1861034 	1861035
1861019 	1861015 	1860198 	1861016 	1861012 	1860196 	1860193 	1860192 	1860197
1860099 	1860098 	1860096 	1860191 	1860092 	1860090 	1860095 	1860094 	1860086
1860083 	1860088 	1860084 	1860075 	1860077 	1860079 	1860080 	1860072 	1860074
1860069 	1860071 	1860055 	1860056 	1860058 	1860067 	1860050 	1860046 	1860048
1860053 	1860045 	1860038 	1860042 	1860043 	1860037 	1860035 	1860034 	1860028
1860024 	1860020 	1860027 	1860025 	1860019 	1860011 	1861999 	1861978 	1861991
1861347 	1861980 	1861976 	1861996 	1861995 	1861429 	1861330 	1861975 	1861449
1870100 	1870101 	1870102 	1870103 	1870104 	1870105 	1870106 	1870107 	1870108
1870109 	1870110 	1870111 	1870112 	1870113 	1870114 	1870115 	1870116 	1870117
1870118 	1870119 	1870120 	1870121 	1870122 	1870123 	1870124 	1870125 	1870126
1870127 	1870128 	1870129 	1870130 	1870131 	1870132 	1870133 	1870134 	1870135
1870136 	1870137 	1870138 	1870139 	1870140 	1870141 	1870142 	1870143 	1870144
1870145 	1870146 	1870147 	1870148 	1870149 	1870150 	1870151 	1870152 	1870153
1870154 	1870155 	1870156 	1870157 	1870158 	1870159 	1870160 	1870161 	1870162
1870163 	1870164 	1870165 	1870166 	1870167 	1870168 	1870169 	1871000 	1871001
1871002 	1871003 	1871004 	1871005 	1871006 	1871007 	1871008 	1871009 	1871010
1871011 	1871012 	1871013 	1871014 	1871015 	1871016 	1871017 	1871018 	1871019
1871020 	1871021 	1871022 	1871023 	1871024 	1871025 	1871026 	1871027 	1871028
1871029
1880100 	1880101 	1880102 	1880103 	1880104 	1880105 	1880106 	1880107 	1880108
1880109 	1880110 	1880111 	1880112 	1880113 	1880114 	1880115 	1880116 	1880117
1880118 	1880119 	1880120 	1880121 	1880122 	1880123 	1880124 	1880125 	1880126
1880127 	1880128 	1880129 	1880130 	1880131 	1880132 	1880133 	1880134 	1880135
1880136 	1880137 	1880138 	1880139 	1880140 	1880141 	1880142 	1880143 	1880144
1880145 	1880146 	1880147 	1880148 	1880149 	1881000 	1881001 	1881002 	1881003
1881004 	1881005 	1881006 	1881007 	1881008 	1881009 	1881010 	1881011 	1881012
1881013 	1881014 	1881015 	1881016 	1881017 	1881018 	1881019 	1881020 	1881021
1881022 	1881023 	1881024 	1881025 	1881026 	1881027 	1881028 	1881029 	1881030
1881031 	1881032 	1881033 	1881034 	1881035 	1881036 	1881037 	1881038 	1881039
1881040 	1881041 	1881042 	1881043 	1881044 	1881045 	1881046 	1881047 	1881048
1881049 	1881050 	1881051 	1881052 	1881053 	1881054 	1881055 	1881056 	1881057
1881058 	1881059 	1881060 	1881061 	1881062 	1881063 	1881064 	1881065 	1881066
1881067 	1881068 	1881069 	1881070 	1881071 	1881072 	1881073 	1881074 	1881075
1881076 	1881077 	1881078 	1881079 	1881080 	1881081 	1881082 	1881083 	1881084
1881085 	1881086 	1881087 	1881088 	1881089 	1881100 	1881101 	1881102 	1881103
1881104 	1881105 	1881106 	1881107 	1881108 	1881109 	1881110 	1881111 	1881112
1881113 	1881114 	1881115 	1881116 	1881117 	1881118 	1881119 	1881120 	1881121
1881122 	1881123 	1881124 	1881125 	1881126 	1881127 	1881128 	1881129 	1881160
1881161 	1881162 	1881163 	1881164 	1881165 	1881166 	1881167 	1881168 	1881169
1881097 	1888888 	1880011 	1881170 	1880019 	1881145 	1881154 	1881096 	1881150
1888885 	1881159 	1881090 	1881158 	1880010 	1881131 	1881319 	1881143 	1880008
1880006 	1881092 	1881130 	1881172 	1888880 	1881144 	1881317 	1881173 	1881301
1881171 	1880000 	1880016 	1881316 	1888884 	1888887 	1888883 	1888886 	1888881
1888882 	1881312 	1881308 	1881318 	1881314 	1881315 	1881311 	1881313 	1881310
1881309 	1881303 	1881304 	1881306 	1881307 	1881302 	1881305 	1881300 	1881177
1881176 	1881179 	1881178 	1881175 	1881174 	1881157 	1881152 	1881149 	1881155
1881156 	1881153 	1881151 	1881148 	1881147 	1881141 	1881146 	1881140 	1881142
1881139 	1881138 	1881137 	1881136 	1881098 	1881134 	1881135 	1881132 	1881133
1881099 	1881094 	1881095 	1881093 	1881091 	1880015 	1880018 	1880017 	1880013
1880014 	1880003 	1880009 	1880007 	1880005 	1880004 	1880012 	1880002 	1880001
1888889
1890100 	1890101 	1890102 	1890103 	1890104 	1890105 	1890106 	1890107 	1890108
1890109 	1890110 	1890111 	1890112 	1890113 	1890114 	1890115 	1890116 	1890117
1890118 	1890119 	1890120 	1890121 	1890122 	1890123 	1890124 	1890125 	1890126
1890127 	1890128 	1890129 	1890130 	1890131 	1890132 	1890133 	1890134 	1890135
1890136 	1890137 	1890138 	1890139 	1891000 	1891001 	1891002 	1891003 	1891004
1891005 	1891006 	1891007 	1891008 	1891009 	1891010 	1891011 	1891012 	1891013
1891014 	1891015 	1891016 	1891017 	1891018 	1891019 	1891020 	1891021 	1891022
1891023 	1891024 	1891025 	1891026 	1891027 	1891028 	1891029 	1891030 	1891031
1891032 	1891033 	1891034 	1891035 	1891036 	1891037 	1891038 	1891039 	1891040
1891041 	1891042 	1891043 	1891044 	1891045 	1891046 	1891047 	1891048 	1891049
1891050 	1891051 	1891052 	1891053 	1891054 	1891055 	1891056 	1891057 	1891058
1891059 	1891060 	1891061 	1891062 	1891063 	1891064 	1891065 	1891066 	1891067
1891068 	1891069 	1891070 	1891071 	1891072 	1891073 	1891074 	1891075 	1891076
1891077 	1891078 	1891079 	1891080 	1891081 	1891082 	1891083 	1891084 	1891085
1891086 	1891087 	1891088 	1891089 	1891090 	1891091 	1891092 	1891093 	1891094
1891095 	1891096 	1891097 	1891098 	1891099 	1891100 	1891101 	1891102 	1891103
1891104 	1891105 	1891106 	1891107 	1891108 	1891109 	1891110 	1891111 	1891112
1891113 	1891114 	1891115 	1891116 	1891117 	1891118 	1891119 	1891120 	1891121
1891122 	1891123 	1891124 	1891125 	1891126 	1891127 	1891128 	1891129 	1891130
1891131 	1891132 	1891133 	1891134 	1891135 	1891136 	1891137 	1891138 	1891139
1891140 	1891141 	1891142 	1891143 	1891144 	1891145 	1891146 	1891147 	1891148
1891149 	1891150 	1891151 	1891152 	1891153 	1891154 	1891155 	1891156 	1891157
1891158 	1891159 	1891160 	1891161 	1891162 	1891163 	1891164 	1891165 	1891166
1891167 	1891168 	1891169 	1891170 	1891171 	1891172 	1891173 	1891174 	1891175
1891176 	1891177 	1891178 	1891179 	1891180 	1891181 	1891182 	1891183 	1891184
1891185 	1891186 	1891187 	1891188 	1891189 	1891190 	1891191 	1891192 	1891193
1891194 	1891195 	1891196 	1891197 	1891198 	1891199 	1890000 	1890007 	1890012
1890011 	1890006
1800116 	1800115 	1800132 	1800119 	1800125 	1800130 	1800121 	1800131 	1801003
1800136 	1801014 	1800138 	1800129 	1800105 	1801015 	1800117 	1800124 	1800122
1800128 	1800112 	1801019 	1800134 	1801040 	1801000 	1801009 	1801011 	1800133
1801045 	1801047 	1800108 	1800106 	1800139 	1800137 	1800135 	1800127 	1800126
1800120 	1800118 	1800103 	1800109 	1800110 	1800104 	1800113 	1800107 	1800102
1804650 	1804651 	1804656 	1804658 	1804657 	1804655 	1804653 	1804654 	1804652
1801048 	1801049 	1801046 	1801037 	1801042 	1801028 	1801038 	1801041 	1801030
1801027 	1801043 	1801020 	1801017 	1801022 	1801021 	1801018 	1801013 	1801026
1801016 	1801007 	1801004 	1801008 	1801005 	1801010 	1801002 	1801012 	1801001
1801029 	1801039 	1800114
1851056 	1850020 	1851005 	1851018 	1851017 	1850053 	1851145 	1850107 	1850055
1851150 	1851359 	1851305 	1850031 	1850061 	1851199 	1851014 	1851308 	1851073
1851000 	1851016 	1850045 	1850083 	1851130 	1851529 	1851506 	1851389 	1851004
1851050 	1850044 	1851381 	1851392 	1851175 	1851341 	1851428 	1851177 	1851563
1850010 	1851187 	1851181 	1851511 	1851143 	1851544 	1851821 	1850019 	1851140
1851156 	1851068 	1851504 	1851520 	1851824 	1851875 	1851503 	1851388 	1850052
1851128 	1851533 	1851022 	1851566 	1851134 	1851385 	1850138 	1851507 	1851558
1850009 	1850070 	1851193 	1850135 	1851019 	1851548 	1851104 	1850059 	1851357
1851524 	1851189 	1850072 	1850018 	1850114 	1850195 	1851161 	1851345 	1851174
1851307 	1850024 	1851042 	1851395 	1851043 	1850022 	1851396 	1850080 	1850097
1851323 	1851554 	1851445 	1851530 	1851033 	1851315 	1851859 	1851453 	1851332
1850046 	1851077 	1850026 	1851598 	1851306 	1851810 	1851442 	1851552 	1851354
1850037 	1850078 	1850036 	1850042 	1850093 	1851691 	1850033 	1851058 	1851538
1851809 	1851313 	1851446 	1851135 	1851452 	1851169 	1851039 	1851867 	1851387
1851820 	1851928 	1851163 	1851158 	1851116 	1851085 	1851683 	1851873 	1850002
1851160 	1851155 	1851693 	1851528 	1851965 	1851483 	1851350 	1851330 	1851900
1851425 	1850035 	1851391 	1851469 	1851699 	1850012 	1851512 	1851546 	1851588
1851964 	1850039 	1851041 	1850016 	1851849 	1851078 	1851020 	1851542 	1851583
1851066 	1851028 	1851015 	1851855 	1850081 	1851331 	1851036 	1851167 	1851356
1850082 	1851584 	1851561 	1851131 	1851065 	1851850 	1851589 	1851061 	1851988
1851010 	1851182 	1851379 	1850006 	1851465 	1851891 	1851173 	1851083 	1850000
1851896 	1851052 	1851535 	1851013 	1851082 	1850094 	1851123 	1851560 	1851377
1851127 	1851684 	1851030 	1851933 	1850041 	1851006 	1850003 	1851063 	1851986
1851054 	1851983 	1850198 	1851877 	1851366 	1851403 	1851456 	1851480 	1850038
1851587 	1851355 	1851080 	1851936 	1851829 	1851420 	1851138 	1851970 	1851975
1850065 	1850130 	1850029 	1851188 	1851932 	1851921 	1851157 	1851062 	1851962
1851132 	1851329 	1850115 	1851301 	1851316 	1851912 	1851176 	1851569 	1851186
1850040 	1851972 	1851032 	1851151 	1854890 	1851982 	1851979 	1851869 	1851989
1851985 	1851974 	1851984 	1851976 	1851978 	1851977 	1851968 	1851971 	1851969
1851956 	1851958 	1851959 	1851966 	1851967 	1851939 	1851950 	1851953 	1851925
1851927 	1851926 	1851929 	1851931 	1851920 	1851922 	1851923 	1851917 	1851911
1851919 	1851913 	1851918 	1851910 	1851909 	1851907 	1851901 	1851905 	1851902
1851904 	1851903 	1851897 	1851899 	1851898 	1851894 	1851890 	1851892 	1851895
1851893 	1851879 	1851878 	1851876 	1851872 	1851870 	1851871 	1851868 	1851874
1851865 	1851863 	1851864 	1851857 	1851856 	1851862 	1851861 	1851860 	1851851
1851853 	1851854 	1851846 	1851848 	1851847 	1851845 	1851844 	1851843 	1851841
1851842 	1851839 	1851836 	1851837 	1851840 	1851838 	1851833 	1851832 	1851835
1851827 	1851826 	1851830 	1851828 	1851831 	1851822 	1851823 	1851825 	1851817
1851813 	1851816 	1851819 	1851815 	1851808 	1851812 	1851811 	1851806 	1851803
1851807 	1851804 	1851805 	1851801 	1851800 	1851802 	1851697 	1851698 	1851694
1851696 	1851695 	1851689 	1851690 	1851688 	1851681 	1851687 	1851682 	1851685
1851686 	1851680 	1851596 	1851599 	1851597 	1851592 	1851595 	1851594 	1851593
1851591 	1851586 	1851585 	1851590 	1851582 	1851580 	1851581 	1851565 	1851567
1851568 	1851562 	1851556 	1851559 	1851555 	1851551 	1851553 	1851550 	1851545
1851557 	1851543 	1851549 	1851547 	1851539 	1851536 	1851537 	1851525 	1851526
1851531 	1851532 	1851527 	1851523 	1851522 	1851521 	1851519 	1851515 	1851516
1851518 	1851509 	1851510 	1851513 	1851508 	1851505 	1851501 	1851514 	1851473
1851500 	1851468 	1851466 	1851471 	1851502 	1851482 	1851467 	1851460 	1851459
1851458 	1851464 	1851454 	1851461 	1851450 	1851451 	1851457 	1851449 	1851448
1851440 	1851447 	1851441 	1851429 	1851424 	1851426 	1851423 	1851409 	1851421
1851406 	1851407 	1851408 	1851400 	1851399 	1851402 	1851405 	1851401 	1851398
1851394 	1851397 	1851383 	1851384 	1851393 	1851386 	1851390 	1851382 	1851378
1851380 	1851376 	1851374 	1851375 	1851373 	1851372 	1851371 	1851370 	1851369
1851363 	1851368 	1851365 	1851367 	1851364 	1851360 	1851362 	1851361 	1851353
1851351 	1851347 	1851358 	1851352 	1851340 	1851339 	1851346 	1851336 	1851338
1851333 	1851335 	1851337 	1851322 	1851325 	1851327 	1851317 	1851319 	1851321
1851314 	1851320 	1851310 	1851311 	1851312 	1851309 	1851302 	1851300 	1851303
1851198 	1851197 	1851194 	1851196 	1851195 	1851191 	1851192 	1851190 	1851184
1851185 	1851172 	1851179 	1851183 	1851178 	1851180 	1851171 	1851168 	1851170
1851153 	1851162 	1851159 	1851166 	1851154 	1851148 	1851149 	1851152 	1851147
1851146 	1851142 	1851141 	1851144 	1851137 	1851139 	1851136 	1851133 	1851124
1851125 	1851129 	1851126 	1851121 	1851120 	1851122 	1851114 	1851118 	1851117
1851119 	1851115 	1851110 	1851112 	1851113 	1851106 	1851108 	1851107 	1851105
1851109 	1851103 	1851102 	1851101 	1851098 	1851096 	1851099 	1851100 	1851097
1851095 	1851093 	1851094 	1851088 	1851091 	1851092 	1851090 	1851089 	1851084
1851087 	1851086 	1851076 	1851081 	1851075 	1851074 	1851079 	1851070 	1851072
1851071 	1851059 	1851060 	1851069 	1851067 	1851064 	1851055 	1851053 	1851057
1851045 	1851048 	1851051 	1851049 	1851047 	1851038 	1851044 	1851040 	1851031
1851029 	1851037 	1851035 	1851034 	1851025 	1851024 	1851026 	1851021 	1851023
1851009 	1851011 	1851012 	1851008 	1851007 	1851003 	1851002 	1851001 	1850199
1850196 	1850194 	1850192 	1850193 	1850197 	1850190 	1850126 	1850127 	1850128
1850139 	1850133 	1850132 	1850136 	1850134 	1850137 	1850129 	1850125 	1850119
1850117 	1850121 	1850123 	1850116 	1850122 	1850120 	1850118 	1850111 	1850106
1850113 	1850109 	1850112 	1850110 	1850108 	1850105 	1850100 	1850101 	1850096
1850098 	1850104 	1850102 	1850103 	1850099 	1850095 	1850089 	1850086 	1850090
1850091 	1850092 	1850087 	1850085 	1850077 	1850074 	1850073 	1850075 	1850079
1850071 	1850069 	1850060 	1850063 	1850067 	1850064 	1850062 	1850068 	1850057
1850058 	1850050 	1850056 	1850054 	1850048 	1850049 	1850051 	1850047 	1850043
1850034 	1850030 	1850027 	1850025 	1850028 	1850032 	1850023 	1850021 	1850017
1850015 	1850007 	1850014 	1850013 	1850008 	1850005 	1850004 	1850001 	1854893
1854892 	1851888 	1854891 	1851540 	1851027 	1851973 	1851818 	1851996 	1851991
1851993 	1851947 	1851980 	1851692 	1851348 	1851954 	1851304 	1851992 	1851475
1851994 	1851404 	1851951 	1851541 	1851111 	1851484 	1851995 	1851916 	1851937
1851324 	1851934 	1851334 	1851946 	1851930 	1851963 	1851343 	1851938 	1851940
1851887 	1851046 	1851914 	1851326 	1851318 	1851534
1810119 	1810126 	1810124 	1810135 	1810108 	1810139 	1810103 	1814653 	1814650
1814652 	1810112 	1810105 	1810134 	1814655 	1810129 	1810109 	1810111 	1810120
1814654 	1811019 	1810125 	1810133 	1810110 	1810138 	1810132 	1810136 	1810137
1810130 	1810128 	1810131 	1810117 	1810127 	1810122 	1810123 	1810121 	1810115
1810113 	1810116 	1810106 	1810102 	1810107 	1810000 	1814192 	1814191 	1814190
1811002 	1814656
1709085 	1709087 	1709015 	1709042 	1709041 	1709109 	1709045 	1709046 	1709012
1709008 	1709009 	1700122 	1709048 	1709036 	1709035 	1709049 	1709038 	1709106
1709114 	1700000 	1709113 	1700188 	1709118 	1709017 	1708008 	1705272 	1707112
1709088 	1705600 	1701031 	1700110 	1708101 	1700101 	1707145 	1708105 	1707109
1709007 	1705639 	1707002 	1707147 	1705638 	1707117 	1707015 	1705345 	1705646
1707142 	1708110 	1700010 	1705647 	1708104 	1708118 	1709011 	1707014 	1708004
1705648 	1707146 	1701000 	1709110 	1705258 	1705649 	1700120 	1707103 	1706028
1709005 	1708017 	1706033 	1705852 	1705593 	1706035 	1705645 	1700109 	1703500
1703501 	1703502 	1707019 	1706080 	1701028 	1705637 	1705776 	1708119 	1701005
1707105 	1706093 	1706087 	1709086 	1702030 	1700103 	1709105 	1709108 	1709117
1709100 	1709116 	1709103 	1709083 	1709089 	1709082 	1709081 	1709080 	1709043
1709040 	1709032 	1709030 	1709039 	1709031 	1709014 	1709018 	1709013 	1709010
1709002 	1709006 	1709004 	1709001 	1708117 	1708114 	1708108 	1708112 	1708109
1708106 	1708103 	1708012 	1708015 	1708013 	1708016 	1708003 	1708011 	1708005
1707144 	1707141 	1707149 	1707116 	1707115 	1707119 	1707113 	1707102 	1707107
1707100 	1707012 	1707018 	1707013 	1707008 	1707006 	1707011 	1707004 	1707010
1707001 	1707003 	1706142 	1706029 	1706090 	1706048 	1705851 	1705708 	1705643
1705303 	1705287 	1705288 	1705274 	1705286 	1705208 	1705110 	1705101 	1705049
1705100 	1705000 	1705005 	1701010 	1701020 	1701030 	1701003 	1701007 	1700495
1700119 	1700116 	1700112 	1700127 	1700106 	1700011 	1700013 	1700002 	1707108
1705585 	1706088 	1707114 	1706103 	1707104 	1709033 	1702015 	1706069 	1700108
1706062 	1705642 	1705853 	1706030 	1700187 	1705858 	1705644 	1702981 	1700001
1706132 	1706078 	1706111 	1706108 	1707140 	1703505 	1705888 	1708018 	1707106
1701001 	1705335 	1706107 	1705588 	1706039 	1701016 	1700105 	1702984 	1701027
1703517 	1702031 	1707016 	1700189 	1707111 	1700097 	1704000 	1702967
1760081 	1760085 	1760080 	1760166 	1760164 	1761129 	1760169 	1760168 	1760161
1760167 	1760165 	1760089 	1760086 	1760084 	1760088 	1760087 	1760001 	1760083
1760005 	1760160 	1760024 	1760040 	1760034 	1760052 	1760090 	1760072 	1760021
1760045 	1760079 	1761082 	1761122 	1760059 	1760039 	1761091 	1760074 	1760000
1760014 	1761086 	1761060 	1761096 	1760100 	1760029 	1761100 	1760030 	1761076
1760075 	1761067 	1761151 	1760044 	1760056 	1761143 	1760063 	1760023 	1760002
1761052 	1761169 	1761085 	1760055 	1761006 	1760032 	1760033 	1760037 	1760012
1761050 	1761139 	1760082 	1761012 	1760027 	1761168 	1761026 	1761153 	1761080
1761016 	1761127 	1760104 	1760076 	1761165 	1761027 	1761056 	1761038 	1760092
1761061 	1761119 	1761131 	1761051 	1761157 	1760018 	1761134 	1761087 	1761025
1761124 	1760109 	1761120 	1761030 	1760025 	1761147 	1761053 	1761103 	1761031
1760065 	1761079 	1760020 	1761105 	1761101 	1760067 	1760009 	1761083 	1760011
1761163 	1761001 	1760078 	1760066 	1761121 	1761002 	1760022 	1761092 	1761167
1760038 	1761022 	1760162 	1760050 	1761036 	1760026 	1760094 	1760108 	1760077
1761162 	1761144 	1761068 	1760073 	1761088 	1761130 	1761145 	1760102 	1760004
1760017 	1761098 	1760016 	1760036 	1760107 	1760106 	1760046 	1760028 	1761095
1760071 	1761158 	1761033 	1760053 	1761077 	1760099 	1760019 	1760054 	1761125
1761170 	1761017 	1761039 	1760010 	1761186 	1761109 	1761066 	1761154 	1761078
1761047 	1761115 	1761156 	1761007 	1761126 	1761057 	1760060 	1760061 	1760173
1760163
1770113 	1770128 	1770112 	1770103 	1771019 	1771012 	1771006 	1771003 	1774652
1774656 	1771016 	1770122 	1770102 	1770120 	1771013 	1771005 	1771024 	1774657
1770126 	1774650 	1774456 	1771052 	1771053 	1771054 	1771036 	1771075 	1771056
1770114 	1770133 	1771079 	1771062 	1771059 	1774449 	1771093 	1771002 	1771080
1777815 	1771072 	1771078 	1771017 	1771087 	1771842 	1777818 	1777786 	1771065
1771030 	1777806 	1771033 	1771049 	1777811 	1771852 	1771855 	1771082 	1777810
1771081 	1771857 	1771085 	1771018 	1771092 	1770124 	1770130 	1777777 	1771015
1777784 	1771070 	1771027 	1774659 	1774658 	1774654 	1774653 	1774655 	1774651
1774455 	1774453 	1774459 	1774458 	1774454 	1774450 	1774452 	1774445 	1774446
1774443 	1774447 	1774444 	1774451 	1774448 	1774442 	1774440 	1774441 	1771853
1771848 	1771847 	1771849 	1771854 	1771859 	1771846 	1771837 	1771839 	1771835
1771843 	1771838 	1771841 	1771844 	1771834 	1771832 	1771830 	1771094 	1771086
1771083 	1771088 	1771089 	1771084 	1771090 	1771091 	1771076 	1771068 	1771066
1771069 	1771067 	1771071 	1771073 	1771074 	1771064 	1771051 	1771057 	1771055
1771058 	1771063 	1771060 	1771061 	1771050 	1771042 	1771046 	1771044 	1771047
1771045 	1771043 	1771048 	1771041 	1771032 	1771035 	1771039 	1771038 	1771034
1771037 	1771040 	1771031 	1771023 	1771022 	1771026 	1771025 	1771029 	1771021
1771028 	1771020 	1771009 	1771004 	1771001 	1771011 	1771014 	1770136 	1770134
1770137 	1770135 	1770139 	1770138 	1770132 	1770131 	1770108 	1770125 	1770115
1770121 	1770109 	1770127 	1770129 	1770105 	1770104 	1777819 	1777816 	1777817
1777812 	1777804 	1777805 	1777808 	1777802 	1777803 	1777801 	1777787 	1777785
1777783 	1777779 	1777782 	1777781 	1777780 	1774358 	1771840 	1774351 	1774350
1774356 	1777809 	1771833 	1771010 	1771850 	1777814 	1774457 	1771097 	1777776
1777813 	1774353 	1774355 	1770111
1840175 	1841020 	1840125 	1841160 	1840126 	1840177 	1840158 	1841040 	1840120
1840161 	1849154 	1841073 	1841071 	1841103 	1841070 	1841044 	1841043 	1841037
1841026 	1841022 	1841028 	1841027 	1841018 	1841019 	1841016 	1841017 	1841014
1841015 	1841012 	1841013 	1841011 	1841010 	1841009 	1841007 	1841005 	1841002
1841000 	1841006 	1840185 	1840192 	1840178 	1840179 	1840174 	1840183 	1840173
1840169 	1840168 	1840172 	1840167 	1840165 	1840163 	1840166 	1840160 	1840157
1840156 	1840159 	1840154 	1840155 	1840151 	1840153 	1840147 	1840143 	1840145
1840150 	1840138 	1840123 	1840129 	1840122 	1840121 	1840101 	1840144 	1849191
1840142 	1840176 	1841086 	1841100 	1840170 	1840119 	1841085 	1841001 	1849159
1841041
1780102 	1789602 	1788883 	1780107 	1780111 	1780108 	1780109 	1780106 	1780105
1789607 	1789600 	1789606 	1789601 	1788888 	1788884 	1788881 	1788882 	1788880
1780104 	1780103 	1780100 	1780101 	1789605 	1781212 	1781222 	1780119 	1780043
1781100 	1781202 	1780178 	1781277 	1780147 	1781331 	1780138
1718009 	1718107 	1718104 	1719007 	1718112 	1718108 	1718007 	1718127 	1719107
1719019 	1719001 	1718407 	1718406 	1718122 	1718111 	1718010 	1718013 	1718000
1718102 	1718003 	1718019 	1719125 	1718117 	1715118 	1718124 	1715102 	1719115
1719109 	1715015 	1715010 	1718115 	1718101 	1718409 	1715011 	1719108 	1718118
1719106 	1719119 	1716106 	1718110 	1718126 	1719103 	1716103 	1711100 	1718006
1719110 	1716003 	1715014 	1716110 	1719000 	1718129 	1719008 	1715105 	1719118
1710000
1730106 	1731074 	1731015 	1731042 	1731906 	1731053 	1731924 	1731925 	1731940
1731917 	1731033 	1731932 	1731926 	1730122 	1730134 	1730137 	1731006 	1730104
1732684 	1731919 	1730112 	1731935 	1731040 	1731946 	1731021 	1731093 	1731620
1731909 	1731625 	1730129 	1730133 	1730132 	1730127 	1731004 	1731007 	1731032
1731026 	1732693 	1732694 	1732690 	1731945 	1731943 	1731942 	1731944 	1731939
1731934 	1731933 	1731936 	1731937 	1731923 	1731929 	1731921 	1731918 	1731905
1731904 	1731916 	1731912 	1731902 	1731073 	1731050 	1731049 	1731070 	1731002
1731041 	1731043 	1730110 	1730115 	1730136 	1730108 	1730105 	1730103 	1731017
1731624 	1730124 	1731075 	1731084 	1731623 	1731083 	1730125 	1731030 	1731607
1731095 	1732681 	1733815 	1731060 	1734446 	1731600 	1731079 	1734445 	1731001
1731601 	1734319 	1731928 	1730107 	1730139 	1731920 	1734442 	1734309 	1734315
1731907 	1734314 	1730015 	1731067 	1731096 	1734443 	1730130 	1731602 	1731618
1731058 	1731048 	1730109 	1730013 	1731627 	1731603 	1732691 	1731009 	1731910
1731005 	1734651 	1732692 	1730116 	1731003 	1731081 	1734655 	1734441 	1731941
1731062 	1734654 	1731013 	1731027 	1732682 	1734656 	1730113 	1731065 	1731609
1733812 	1730126 	1731094 	1731071 	1731082 	1734318 	1731098 	1731089 	1731615
1731908 	1731090 	1730121 	1731034 	1734300 	1731610 	1730119 	1731014 	1730131
1730138 	1731037 	1732689 	1731931
1750105 	1750000 	1750103 	1750100 	1750101 	1750102 	1750106 	1750014
1991999 	1992020 	1991989 	1992009 	1992011 	1992002 	1993013 	1991984 	1991998
1991314 	1990100 	1991061 	1992013 	1991994 	1992004 	1991000 	1991711 	1990102
1991995 	1991062 	1991012 	1992008 	1991023 	1991076 	1991018 	1992000 	1991072
1995200 	1991986